14:05:31 -> 发牌数据m_szDeskConfig[0]=1：(25 4 55 5 17 60 26 44 41 43 45 3 10 
14:05:31 -> 发牌数据m_szDeskConfig[0]=1：(24 52 13 18 36 19 42 38 2 57 50 7 78 
14:05:32 -> 发牌数据m_szDeskConfig[0]=1：(53 34 9 35 40 33 56 58 79 22 1 61 6 
14:15:41 -> 发牌数据m_szDeskConfig[0]=1：(45 41 26 58 28 78 20 37 12 17 39 52 60 
14:15:41 -> 发牌数据m_szDeskConfig[0]=1：(79 19 25 49 54 9 10 40 42 21 35 24 18 
14:15:41 -> 发牌数据m_szDeskConfig[0]=1：(7 2 56 8 36 6 59 61 33 11 23 1 51 
14:18:14 -> 发牌数据m_szDeskConfig[0]=1：(17 25 29 58 7 56 45 36 26 12 6 9 21 
14:18:14 -> 发牌数据m_szDeskConfig[0]=1：(35 38 5 52 51 39 28 49 54 10 41 18 43 
14:18:14 -> 发牌数据m_szDeskConfig[0]=1：(11 20 4 27 22 61 23 1 3 42 57 8 59 
14:18:53 -> 发牌数据m_szDeskConfig[0]=1：(26 58 39 34 35 38 18 23 27 10 42 1 6 
14:18:53 -> 发牌数据m_szDeskConfig[0]=1：(12 25 28 49 33 40 21 4 45 20 53 13 7 
14:18:53 -> 发牌数据m_szDeskConfig[0]=1：(54 51 24 41 44 78 9 22 11 2 55 3 79 
14:19:22 -> 发牌数据m_szDeskConfig[0]=1：(59 25 60 8 36 6 10 4 21 28 40 12 58 
14:19:22 -> 发牌数据m_szDeskConfig[0]=1：(3 39 13 55 24 26 5 18 9 43 17 2 19 
14:19:22 -> 发牌数据m_szDeskConfig[0]=1：(42 53 22 61 49 57 35 44 52 41 29 11 78 
14:20:55 -> 发牌数据m_szDeskConfig[0]=1：(44 58 13 55 5 45 53 6 17 78 22 33 4 
14:20:55 -> 发牌数据m_szDeskConfig[0]=1：(50 12 41 1 28 23 24 61 39 52 60 2 3 
14:20:55 -> 发牌数据m_szDeskConfig[0]=1：(19 40 42 18 79 35 21 9 37 34 10 57 26 
14:22:31 -> 发牌数据m_szDeskConfig[0]=1：(28 5 43 13 20 25 35 61 7 1 23 11 41 
14:22:31 -> 发牌数据m_szDeskConfig[0]=1：(50 42 36 18 2 4 40 19 79 51 54 26 22 
14:22:31 -> 发牌数据m_szDeskConfig[0]=1：(60 12 39 52 29 55 38 3 10 53 59 37 8 
14:25:49 -> 发牌数据m_szDeskConfig[0]=1：(53 10 18 56 5 79 33 52 11 78 38 8 44 
14:25:49 -> 发牌数据m_szDeskConfig[0]=1：(17 54 57 37 36 35 40 4 27 29 39 21 41 
14:25:49 -> 发牌数据m_szDeskConfig[0]=1：(58 22 45 26 9 24 25 28 12 34 23 55 61 
14:27:28 -> 发牌数据m_szDeskConfig[0]=1：(50 4 40 36 7 56 60 8 45 12 23 37 22 
14:27:28 -> 发牌数据m_szDeskConfig[0]=1：(5 3 25 54 55 9 59 11 43 42 10 17 53 
14:27:28 -> 发牌数据m_szDeskConfig[0]=1：(28 51 52 1 41 18 49 13 34 26 61 78 33 
14:28:39 -> 发牌数据m_szDeskConfig[0]=1：(55 42 23 21 50 5 78 57 17 34 4 41 7 
14:28:39 -> 发牌数据m_szDeskConfig[0]=1：(40 43 26 59 2 19 22 36 35 9 25 45 27 
14:28:39 -> 发牌数据m_szDeskConfig[0]=1：(29 58 18 20 54 52 8 60 38 61 24 37 79 
14:29:42 -> 发牌数据m_szDeskConfig[0]=1：(5 79 58 42 33 2 54 22 38 41 55 35 27 
14:29:42 -> 发牌数据m_szDeskConfig[0]=1：(26 53 61 50 37 34 10 78 20 60 44 18 51 
14:29:42 -> 发牌数据m_szDeskConfig[0]=1：(11 36 4 7 45 28 12 23 29 17 8 3 59 
14:29:42 -> 发牌数据m_szDeskConfig[0]=1：(21 25 13 9 49 39 56 19 40 57 43 1 24 
14:29:53 -> 发牌数据m_szDeskConfig[0]=1：(40 45 13 23 26 35 34 17 55 36 2 61 78 
14:29:53 -> 发牌数据m_szDeskConfig[0]=1：(4 27 79 39 38 28 21 54 52 18 19 12 5 
14:29:53 -> 发牌数据m_szDeskConfig[0]=1：(1 44 20 56 11 53 49 41 37 51 7 50 6 
14:31:17 -> 发牌数据m_szDeskConfig[0]=1：(42 37 27 35 49 53 18 45 8 4 6 9 28 
14:31:17 -> 发牌数据m_szDeskConfig[0]=1：(3 29 54 22 25 61 2 79 44 11 40 7 59 
14:31:17 -> 发牌数据m_szDeskConfig[0]=1：(39 19 78 24 57 41 21 23 60 1 56 43 26 
14:32:24 -> 发牌数据m_szDeskConfig[0]=1：(19 27 23 45 26 51 12 28 1 49 25 39 20 
14:32:24 -> 发牌数据m_szDeskConfig[0]=1：(3 41 22 54 53 58 38 24 17 33 44 9 79 
14:32:24 -> 发牌数据m_szDeskConfig[0]=1：(37 35 7 61 29 40 56 78 60 55 18 13 10 
14:34:44 -> 发牌数据m_szDeskConfig[0]=1：(60 57 38 50 41 24 56 4 6 40 52 18 26 
14:34:44 -> 发牌数据m_szDeskConfig[0]=1：(39 11 25 1 61 29 54 55 3 45 53 21 44 
14:34:44 -> 发牌数据m_szDeskConfig[0]=1：(9 23 49 58 79 78 33 20 42 10 59 12 51 
14:34:44 -> 发牌数据m_szDeskConfig[0]=1：(0 0 0 0 0 0 0 0 0 0 0 0 0 
14:35:57 -> 发牌数据m_szDeskConfig[0]=1：(41 35 40 29 24 2 17 9 19 25 57 58 42 
14:35:57 -> 发牌数据m_szDeskConfig[0]=1：(21 53 78 27 23 59 36 54 50 28 34 60 10 
14:35:57 -> 发牌数据m_szDeskConfig[0]=1：(33 13 3 51 39 8 61 18 37 5 26 43 45 
14:35:57 -> 发牌数据m_szDeskConfig[0]=1：(1 20 22 7 52 44 11 6 12 79 56 49 4 
14:36:53 -> 发牌数据m_szDeskConfig[0]=1：(79 12 52 49 53 58 61 34 60 57 78 7 59 
14:36:53 -> 发牌数据m_szDeskConfig[0]=1：(51 38 10 39 36 41 35 33 8 17 29 28 54 
14:36:53 -> 发牌数据m_szDeskConfig[0]=1：(40 23 11 6 4 44 56 22 45 24 25 27 5 
14:36:53 -> 发牌数据m_szDeskConfig[0]=1：(55 2 18 3 26 13 19 21 50 42 9 1 43 
14:37:54 -> 发牌数据m_szDeskConfig[0]=1：(2 36 61 59 7 13 33 3 53 56 40 11 60 
14:37:54 -> 发牌数据m_szDeskConfig[0]=1：(78 45 35 22 49 57 41 54 44 20 17 4 52 
14:37:54 -> 发牌数据m_szDeskConfig[0]=1：(79 26 29 12 24 43 58 6 28 8 39 50 51 
14:37:54 -> 发牌数据m_szDeskConfig[0]=1：(42 19 5 55 27 23 34 9 37 1 38 10 21 
14:39:57 -> 发牌数据m_szDeskConfig[0]=1：(9 59 25 50 10 60 49 7 3 5 1 58 18 
14:39:57 -> 发牌数据m_szDeskConfig[0]=1：(2 78 51 21 22 57 36 53 35 79 12 26 54 
14:39:57 -> 发牌数据m_szDeskConfig[0]=1：(27 23 13 19 43 4 45 29 37 11 33 20 28 
14:39:57 -> 发牌数据m_szDeskConfig[0]=1：(39 52 17 55 61 41 44 56 6 38 24 40 34 
14:42:10 -> 发牌数据m_szDeskConfig[0]=1：(39 8 20 9 26 41 44 22 18 49 78 37 51 
14:42:10 -> 发牌数据m_szDeskConfig[0]=1：(57 52 79 11 53 58 24 45 12 5 43 10 35 
14:42:10 -> 发牌数据m_szDeskConfig[0]=1：(21 23 27 13 55 33 2 17 36 28 1 42 25 
14:42:10 -> 发牌数据m_szDeskConfig[0]=1：(7 54 59 40 34 61 3 60 19 56 4 6 29 
14:47:33 -> 发牌数据m_szDeskConfig[0]=1：(58 6 24 78 28 49 40 33 54 29 21 56 41 
14:47:33 -> 发牌数据m_szDeskConfig[0]=1：(51 44 60 79 19 57 22 42 55 35 34 20 53 
14:47:33 -> 发牌数据m_szDeskConfig[0]=1：(7 27 11 3 8 26 2 13 4 10 23 17 36 
14:47:35 -> 发牌数据m_szDeskConfig[0]=1：(18 20 35 24 23 60 28 78 12 40 37 39 45 
14:47:35 -> 发牌数据m_szDeskConfig[0]=1：(49 44 19 53 33 13 52 10 3 11 59 5 29 
14:47:35 -> 发牌数据m_szDeskConfig[0]=1：(1 8 2 54 34 38 26 56 7 79 58 41 4 
14:49:46 -> 发牌数据m_szDeskConfig[0]=1：(52 23 53 1 51 40 13 22 29 18 5 20 25 
14:49:46 -> 发牌数据m_szDeskConfig[0]=1：(49 7 28 41 21 19 33 79 27 3 54 24 59 
14:49:46 -> 发牌数据m_szDeskConfig[0]=1：(58 8 42 35 39 36 78 26 61 44 2 34 60 
14:50:55 -> 发牌数据m_szDeskConfig[0]=1：(9 78 35 8 25 33 56 12 53 1 22 27 11 
14:50:55 -> 发牌数据m_szDeskConfig[0]=1：(28 37 57 26 38 39 19 20 61 42 23 21 79 
14:50:55 -> 发牌数据m_szDeskConfig[0]=1：(2 6 18 10 60 36 13 59 17 40 51 43 45 
14:51:05 -> 发牌数据m_szDeskConfig[0]=1：(2 12 57 11 55 8 35 51 33 26 18 78 21 
14:51:05 -> 发牌数据m_szDeskConfig[0]=1：(20 42 29 22 3 38 39 54 36 34 56 79 37 
14:51:05 -> 发牌数据m_szDeskConfig[0]=1：(28 13 9 4 5 44 6 49 19 61 27 10 59 
14:52:11 -> 发牌数据m_szDeskConfig[0]=1：(13 79 38 20 42 40 9 37 61 60 27 17 51 
14:52:11 -> 发牌数据m_szDeskConfig[0]=1：(8 55 57 22 56 7 41 44 29 45 43 25 53 
14:52:11 -> 发牌数据m_szDeskConfig[0]=1：(2 78 12 35 3 5 28 36 50 49 10 26 52 
14:53:45 -> 发牌数据m_szDeskConfig[0]=1：(58 78 57 56 38 52 35 39 79 40 26 37 51 
14:53:45 -> 发牌数据m_szDeskConfig[0]=1：(34 43 27 21 60 36 25 59 11 45 49 53 44 
14:53:45 -> 发牌数据m_szDeskConfig[0]=1：(13 17 2 9 5 3 24 18 41 50 23 55 29 
14:53:54 -> 发牌数据m_szDeskConfig[0]=1：(18 40 4 19 53 5 79 35 10 49 43 50 6 
14:53:54 -> 发牌数据m_szDeskConfig[0]=1：(11 45 61 17 56 34 36 60 44 42 22 52 51 
14:53:54 -> 发牌数据m_szDeskConfig[0]=1：(21 1 39 3 37 8 59 24 38 7 25 2 26 
14:55:54 -> 发牌数据m_szDeskConfig[0]=1：(35 26 2 33 53 28 52 40 36 3 57 10 54 
14:55:54 -> 发牌数据m_szDeskConfig[0]=1：(56 51 6 19 42 50 25 20 39 18 55 8 17 
14:55:54 -> 发牌数据m_szDeskConfig[0]=1：(12 59 41 45 5 34 44 22 43 49 11 37 1 
14:57:53 -> 发牌数据m_szDeskConfig[0]=1：(7 37 18 29 52 23 13 21 5 57 26 9 56 
14:57:53 -> 发牌数据m_szDeskConfig[0]=1：(1 3 35 20 50 2 24 60 22 6 43 34 28 
14:57:53 -> 发牌数据m_szDeskConfig[0]=1：(53 78 36 58 51 54 42 19 38 25 12 27 10 
15:01:13 -> 发牌数据m_szDeskConfig[0]=1：(25 52 53 49 1 59 13 2 41 11 26 78 39 
15:01:13 -> 发牌数据m_szDeskConfig[0]=1：(45 35 40 34 23 17 9 5 55 22 57 60 36 
15:01:13 -> 发牌数据m_szDeskConfig[0]=1：(27 8 79 61 12 42 50 43 4 38 20 3 6 
15:01:13 -> 发牌数据m_szDeskConfig[0]=1：(56 18 58 19 10 51 29 7 33 21 28 24 37 
15:02:20 -> 发牌数据m_szDeskConfig[0]=1：(20 33 35 7 5 56 18 52 40 9 36 78 34 
15:02:20 -> 发牌数据m_szDeskConfig[0]=1：(29 19 60 17 50 27 21 79 53 22 61 38 12 
15:02:20 -> 发牌数据m_szDeskConfig[0]=1：(54 43 26 41 45 51 37 2 55 23 6 25 39 
15:02:20 -> 发牌数据m_szDeskConfig[0]=1：(3 42 44 11 59 58 1 13 4 49 8 10 28 
15:03:57 -> 发牌数据m_szDeskConfig[0]=1：(22 54 17 11 21 43 37 6 52 25 3 55 49 
15:03:57 -> 发牌数据m_szDeskConfig[0]=1：(58 41 28 1 56 50 60 42 27 36 53 38 79 
15:03:57 -> 发牌数据m_szDeskConfig[0]=1：(34 4 61 2 33 5 29 39 12 20 59 10 45 
15:03:57 -> 发牌数据m_szDeskConfig[0]=1：(78 23 51 40 35 44 24 18 19 26 9 57 7 
15:05:04 -> 发牌数据m_szDeskConfig[0]=1：(44 12 18 36 23 61 51 56 55 29 38 20 10 
15:05:04 -> 发牌数据m_szDeskConfig[0]=1：(50 7 5 2 59 8 33 17 52 78 11 39 6 
15:05:04 -> 发牌数据m_szDeskConfig[0]=1：(49 54 21 35 40 45 28 24 53 43 13 58 22 
15:05:04 -> 发牌数据m_szDeskConfig[0]=1：(4 34 25 79 27 60 57 3 42 9 1 41 37 
15:06:30 -> 发牌数据m_szDeskConfig[0]=1：(21 4 41 13 33 58 79 26 78 5 59 52 44 
15:06:30 -> 发牌数据m_szDeskConfig[0]=1：(28 10 60 17 2 38 6 54 57 40 49 12 53 
15:06:30 -> 发牌数据m_szDeskConfig[0]=1：(22 27 11 24 45 8 55 1 29 20 42 37 23 
15:06:30 -> 发牌数据m_szDeskConfig[0]=1：(50 51 19 35 43 56 39 61 34 3 9 18 36 
15:09:06 -> 发牌数据m_szDeskConfig[0]=1：(53 12 22 24 2 78 37 54 50 18 57 26 13 
15:09:06 -> 发牌数据m_szDeskConfig[0]=1：(58 3 41 7 1 25 39 21 11 28 45 17 8 
15:09:06 -> 发牌数据m_szDeskConfig[0]=1：(79 23 40 33 34 51 56 52 36 38 44 10 27 
15:09:06 -> 发牌数据m_szDeskConfig[0]=1：(60 20 5 61 55 59 42 35 9 43 19 49 6 
15:11:27 -> 发牌数据m_szDeskConfig[0]=1：(22 13 12 18 6 58 9 51 3 4 28 49 79 
15:11:27 -> 发牌数据m_szDeskConfig[0]=1：(7 26 60 20 1 61 23 38 52 25 40 17 57 
15:11:27 -> 发牌数据m_szDeskConfig[0]=1：(44 34 43 55 19 54 8 37 45 59 42 27 29 
15:11:27 -> 发牌数据m_szDeskConfig[0]=1：(21 35 39 10 56 5 36 53 78 24 33 2 50 
15:13:00 -> 发牌数据m_szDeskConfig[0]=1：(39 35 58 50 13 29 55 37 54 17 20 59 6 
15:13:00 -> 发牌数据m_szDeskConfig[0]=1：(22 26 8 12 49 45 41 36 53 27 21 38 42 
15:13:00 -> 发牌数据m_szDeskConfig[0]=1：(61 28 18 44 56 51 52 5 57 78 40 24 19 
15:13:00 -> 发牌数据m_szDeskConfig[0]=1：(79 7 1 25 60 2 4 10 23 11 43 33 9 
15:14:12 -> 发牌数据m_szDeskConfig[0]=1：(35 50 78 54 17 44 39 79 5 22 11 2 33 
15:14:12 -> 发牌数据m_szDeskConfig[0]=1：(42 58 26 43 37 19 18 1 23 12 21 27 25 
15:14:12 -> 发牌数据m_szDeskConfig[0]=1：(8 55 7 40 24 52 57 9 3 49 6 51 34 
15:14:12 -> 发牌数据m_szDeskConfig[0]=1：(4 13 38 45 20 53 61 36 59 41 60 28 29 
15:15:11 -> 发牌数据m_szDeskConfig[0]=1：(29 79 58 42 52 20 35 17 36 21 9 59 39 
15:15:11 -> 发牌数据m_szDeskConfig[0]=1：(12 28 33 37 7 3 22 6 5 10 11 18 53 
15:15:11 -> 发牌数据m_szDeskConfig[0]=1：(45 19 25 44 1 41 24 61 54 34 60 51 49 
15:15:11 -> 发牌数据m_szDeskConfig[0]=1：(2 55 50 23 26 78 8 4 43 40 13 56 38 
15:16:04 -> 发牌数据m_szDeskConfig[0]=1：(28 61 59 56 29 18 44 57 41 7 12 51 78 
15:16:04 -> 发牌数据m_szDeskConfig[0]=1：(36 33 60 22 10 19 55 50 21 17 11 58 4 
15:16:04 -> 发牌数据m_szDeskConfig[0]=1：(43 52 1 5 49 20 6 9 42 3 13 25 24 
15:16:04 -> 发牌数据m_szDeskConfig[0]=1：(38 26 40 34 53 8 79 54 35 45 23 27 37 
15:16:42 -> 发牌数据m_szDeskConfig[0]=1：(58 2 39 44 36 45 40 38 25 49 1 9 51 
15:16:42 -> 发牌数据m_szDeskConfig[0]=1：(28 5 42 11 27 4 37 53 35 29 7 43 61 
15:16:42 -> 发牌数据m_szDeskConfig[0]=1：(34 52 50 19 33 60 22 10 3 41 12 20 54 
15:17:10 -> 发牌数据m_szDeskConfig[0]=1：(60 53 19 6 9 79 45 17 25 3 12 10 52 
15:17:10 -> 发牌数据m_szDeskConfig[0]=1：(51 18 55 54 33 37 23 36 43 27 21 1 29 
15:17:10 -> 发牌数据m_szDeskConfig[0]=1：(39 24 26 42 11 35 2 49 5 20 59 7 58 
15:17:10 -> 发牌数据m_szDeskConfig[0]=1：(38 13 56 8 57 40 4 41 22 78 34 44 50 
15:19:29 -> 发牌数据m_szDeskConfig[0]=1：(54 78 61 20 49 23 51 18 11 56 79 12 10 
15:19:29 -> 发牌数据m_szDeskConfig[0]=1：(39 29 59 40 28 6 57 4 8 21 3 22 33 
15:19:29 -> 发牌数据m_szDeskConfig[0]=1：(55 9 52 43 27 45 35 37 19 7 53 58 25 
15:21:02 -> 发牌数据m_szDeskConfig[0]=1：(44 4 18 23 25 35 34 29 58 3 11 57 13 
15:21:02 -> 发牌数据m_szDeskConfig[0]=1：(26 43 19 36 9 51 7 10 27 1 8 21 33 
15:21:02 -> 发牌数据m_szDeskConfig[0]=1：(20 28 24 2 39 12 37 45 54 6 50 56 41 
15:21:51 -> 发牌数据m_szDeskConfig[0]=1：(41 37 61 33 23 42 21 11 29 3 20 18 12 
15:21:51 -> 发牌数据m_szDeskConfig[0]=1：(79 56 59 4 9 17 35 51 19 27 52 7 45 
15:21:51 -> 发牌数据m_szDeskConfig[0]=1：(44 38 55 34 26 54 24 40 39 50 2 60 49 
15:23:12 -> 发牌数据m_szDeskConfig[0]=1：(40 20 60 26 38 52 10 55 35 7 44 59 43 
15:23:12 -> 发牌数据m_szDeskConfig[0]=1：(24 2 57 5 49 45 25 21 29 79 50 4 39 
15:23:12 -> 发牌数据m_szDeskConfig[0]=1：(41 6 23 78 28 53 11 13 61 18 27 42 3 
15:24:00 -> 发牌数据m_szDeskConfig[0]=1：(41 44 59 28 78 60 10 55 33 12 4 2 22 
15:24:00 -> 发牌数据m_szDeskConfig[0]=1：(43 37 52 24 13 45 19 54 11 36 50 38 61 
15:24:00 -> 发牌数据m_szDeskConfig[0]=1：(9 21 6 1 57 53 49 34 39 26 8 79 25 
15:25:38 -> 发牌数据m_szDeskConfig[0]=1：(36 61 33 51 7 11 78 13 37 41 40 20 9 
15:25:38 -> 发牌数据m_szDeskConfig[0]=1：(34 27 42 24 29 57 54 38 58 1 22 17 25 
15:25:38 -> 发牌数据m_szDeskConfig[0]=1：(53 8 19 56 2 28 21 10 43 44 55 6 12 
15:32:03 -> 发牌数据m_szDeskConfig[0]=1：(13 36 7 42 20 26 51 39 8 5 61 17 29 
15:32:03 -> 发牌数据m_szDeskConfig[0]=1：(27 40 12 35 41 60 18 33 59 38 28 44 19 
15:32:03 -> 发牌数据m_szDeskConfig[0]=1：(6 45 3 53 52 78 37 24 58 4 2 34 22 
15:32:03 -> 发牌数据m_szDeskConfig[0]=1：(21 9 49 11 56 79 1 23 54 43 55 25 10 
15:35:54 -> 发牌数据m_szDeskConfig[0]=1：(7 33 58 25 18 53 50 52 1 45 2 4 38 
15:35:54 -> 发牌数据m_szDeskConfig[0]=1：(26 40 44 78 11 36 6 12 37 9 49 41 22 
15:35:54 -> 发牌数据m_szDeskConfig[0]=1：(56 19 79 20 8 34 23 17 59 57 61 28 60 
15:35:54 -> 发牌数据m_szDeskConfig[0]=1：(3 27 51 5 39 35 13 24 21 54 55 43 29 
16:15:16 -> 发牌数据m_szDeskConfig[0]=1：(13 35 53 43 49 12 44 78 11 42 18 7 4 
16:15:16 -> 发牌数据m_szDeskConfig[0]=1：(60 20 5 8 23 21 27 50 33 1 56 55 24 
16:15:16 -> 发牌数据m_szDeskConfig[0]=1：(52 9 10 57 26 25 41 37 38 61 39 58 6 
16:41:02 -> 发牌数据m_szDeskConfig[0]=1：(24 34 7 9 38 8 2 3 60 11 21 42 17 
16:41:02 -> 发牌数据m_szDeskConfig[0]=1：(5 13 79 61 59 40 12 18 45 54 41 56 19 
16:41:02 -> 发牌数据m_szDeskConfig[0]=1：(36 37 6 22 26 43 35 51 29 28 78 20 49 
16:43:39 -> 发牌数据m_szDeskConfig[0]=1：(18 59 9 79 6 56 7 44 27 12 34 57 17 
16:43:39 -> 发牌数据m_szDeskConfig[0]=1：(25 42 55 28 35 11 33 21 22 3 38 1 24 
16:43:39 -> 发牌数据m_szDeskConfig[0]=1：(2 58 40 39 10 8 29 4 23 61 26 5 53 
16:47:40 -> 发牌数据m_szDeskConfig[0]=1：(6 9 27 58 37 35 7 11 21 42 50 34 79 
16:47:40 -> 发牌数据m_szDeskConfig[0]=1：(78 4 49 18 24 59 25 12 13 40 8 2 60 
16:47:40 -> 发牌数据m_szDeskConfig[0]=1：(19 56 22 38 20 33 23 52 44 43 61 1 54 
16:50:04 -> 发牌数据m_szDeskConfig[0]=1：(59 51 5 78 57 53 35 43 79 49 55 11 27 
16:50:04 -> 发牌数据m_szDeskConfig[0]=1：(13 20 12 34 52 36 45 17 56 50 6 23 26 
16:50:04 -> 发牌数据m_szDeskConfig[0]=1：(1 28 41 18 22 25 8 4 61 42 38 21 39 
16:51:30 -> 发牌数据m_szDeskConfig[0]=1：(36 2 22 9 58 20 8 39 61 33 45 49 21 
16:51:30 -> 发牌数据m_szDeskConfig[0]=1：(54 10 17 43 40 79 52 55 25 5 42 38 12 
16:51:30 -> 发牌数据m_szDeskConfig[0]=1：(1 60 4 78 51 24 19 29 59 44 6 3 57 
17:22:02 -> 发牌数据m_szDeskConfig[0]=1：(9 13 23 35 17 44 11 79 29 40 60 3 41 
17:22:02 -> 发牌数据m_szDeskConfig[0]=1：(56 52 36 34 5 25 51 22 2 6 1 12 7 
17:22:02 -> 发牌数据m_szDeskConfig[0]=1：(45 10 58 8 57 50 49 59 33 54 38 18 27 
17:24:41 -> 发牌数据m_szDeskConfig[0]=1：(27 42 9 52 43 24 17 1 40 8 59 39 45 
17:24:41 -> 发牌数据m_szDeskConfig[0]=1：(26 10 34 11 23 50 49 6 78 25 56 7 38 
17:24:41 -> 发牌数据m_szDeskConfig[0]=1：(13 19 58 33 37 57 22 35 54 41 79 3 60 
17:25:41 -> 发牌数据m_szDeskConfig[0]=1：(29 8 54 38 78 53 13 40 27 41 28 60 35 
17:25:41 -> 发牌数据m_szDeskConfig[0]=1：(11 17 6 19 79 18 42 25 12 5 56 20 33 
17:25:41 -> 发牌数据m_szDeskConfig[0]=1：(55 21 26 4 43 49 45 50 51 58 57 39 23 
17:26:27 -> 发牌数据m_szDeskConfig[0]=1：(42 60 23 19 28 53 36 27 10 20 45 56 6 
17:26:27 -> 发牌数据m_szDeskConfig[0]=1：(40 34 50 78 59 24 2 54 1 18 7 11 13 
17:26:27 -> 发牌数据m_szDeskConfig[0]=1：(3 9 52 39 49 38 58 79 12 43 22 44 33 
17:30:53 -> 发牌数据m_szDeskConfig[0]=1：(19 6 26 25 45 61 8 2 12 33 56 36 24 
17:30:53 -> 发牌数据m_szDeskConfig[0]=1：(29 3 78 27 23 13 50 57 40 55 21 4 53 
17:30:53 -> 发牌数据m_szDeskConfig[0]=1：(41 7 54 49 20 9 59 37 43 60 11 79 42 
17:31:47 -> 发牌数据m_szDeskConfig[0]=1：(42 28 6 33 8 79 34 29 7 26 23 41 18 
17:31:47 -> 发牌数据m_szDeskConfig[0]=1：(24 1 10 50 61 58 60 38 45 12 44 11 51 
17:31:47 -> 发牌数据m_szDeskConfig[0]=1：(17 9 35 2 22 37 53 49 59 20 36 40 19 
17:32:36 -> 发牌数据m_szDeskConfig[0]=1：(33 45 11 8 52 39 50 34 38 7 17 13 21 
17:32:36 -> 发牌数据m_szDeskConfig[0]=1：(40 60 56 12 5 43 18 2 23 61 57 26 42 
17:32:36 -> 发牌数据m_szDeskConfig[0]=1：(79 59 25 41 1 6 22 35 44 36 29 19 53 
17:32:36 -> 发牌数据m_szDeskConfig[0]=1：(9 78 49 20 37 58 51 3 4 27 28 24 54 
17:33:09 -> 发牌数据m_szDeskConfig[0]=1：(25 11 3 13 38 21 19 49 34 24 57 60 27 
17:33:09 -> 发牌数据m_szDeskConfig[0]=1：(41 56 59 6 40 54 42 29 20 50 39 26 45 
17:33:09 -> 发牌数据m_szDeskConfig[0]=1：(9 36 18 12 79 23 8 58 35 55 43 1 22 
17:34:48 -> 发牌数据m_szDeskConfig[0]=1：(17 28 24 20 51 21 41 59 54 40 55 13 8 
17:34:48 -> 发牌数据m_szDeskConfig[0]=1：(78 56 60 53 27 33 6 38 44 25 58 34 45 
17:34:48 -> 发牌数据m_szDeskConfig[0]=1：(79 5 29 52 57 37 43 49 22 35 18 36 3 
17:34:48 -> 发牌数据m_szDeskConfig[0]=1：(9 42 50 12 61 7 4 19 26 23 11 10 2 
17:35:31 -> 发牌数据m_szDeskConfig[0]=1：(22 58 36 26 39 21 27 56 50 18 55 53 78 
17:35:31 -> 发牌数据m_szDeskConfig[0]=1：(1 28 38 45 13 40 12 9 61 6 54 60 79 
17:35:31 -> 发牌数据m_szDeskConfig[0]=1：(49 10 59 24 51 2 44 29 33 41 34 11 57 
17:35:54 -> 发牌数据m_szDeskConfig[0]=1：(44 26 2 33 25 52 18 60 49 42 8 61 28 
17:35:54 -> 发牌数据m_szDeskConfig[0]=1：(29 50 12 39 79 9 40 22 3 13 27 19 4 
17:35:54 -> 发牌数据m_szDeskConfig[0]=1：(59 41 34 36 5 23 11 53 43 6 35 1 21 
17:35:54 -> 发牌数据m_szDeskConfig[0]=1：(55 17 7 38 10 54 45 24 58 56 51 78 20 
17:39:06 -> 发牌数据m_szDeskConfig[0]=1：(55 49 22 58 18 37 41 59 24 7 39 11 10 
17:39:06 -> 发牌数据m_szDeskConfig[0]=1：(28 21 17 25 19 56 44 6 43 13 2 40 1 
17:39:06 -> 发牌数据m_szDeskConfig[0]=1：(29 9 34 78 12 20 42 45 79 4 57 8 33 
17:40:15 -> 发牌数据m_szDeskConfig[0]=1：(27 10 28 6 19 43 49 34 23 61 35 57 42 
17:40:15 -> 发牌数据m_szDeskConfig[0]=1：(51 45 17 54 60 24 44 1 41 38 9 4 8 
17:40:15 -> 发牌数据m_szDeskConfig[0]=1：(20 5 40 2 7 33 78 12 25 52 36 39 50 
17:41:17 -> 发牌数据m_szDeskConfig[0]=1：(2 29 57 38 3 51 39 55 42 44 24 5 8 
17:41:17 -> 发牌数据m_szDeskConfig[0]=1：(60 11 37 40 54 1 49 12 28 9 25 4 35 
17:41:17 -> 发牌数据m_szDeskConfig[0]=1：(45 21 43 52 53 50 78 59 17 13 56 20 6 
17:43:02 -> 发牌数据m_szDeskConfig[0]=1：(44 78 41 19 56 55 59 17 26 10 24 79 4 
17:43:02 -> 发牌数据m_szDeskConfig[0]=1：(22 42 37 28 3 53 7 13 51 2 11 29 54 
17:43:02 -> 发牌数据m_szDeskConfig[0]=1：(6 49 9 60 12 8 21 38 39 34 18 25 45 
17:44:27 -> 发牌数据m_szDeskConfig[0]=1：(37 12 29 26 43 44 54 27 28 33 20 55 78 
17:44:27 -> 发牌数据m_szDeskConfig[0]=1：(41 19 79 7 2 25 39 52 50 36 6 53 51 
17:44:27 -> 发牌数据m_szDeskConfig[0]=1：(10 45 23 56 17 18 40 8 13 60 24 61 9 
17:44:42 -> 发牌数据m_szDeskConfig[0]=1：(28 56 12 22 20 40 17 51 7 33 54 25 6 
17:44:42 -> 发牌数据m_szDeskConfig[0]=1：(1 41 9 61 5 35 53 8 42 59 21 78 11 
17:44:42 -> 发牌数据m_szDeskConfig[0]=1：(45 23 55 57 27 44 36 24 4 37 49 19 52 
17:45:26 -> 发牌数据m_szDeskConfig[0]=1：(58 28 12 4 13 44 11 2 36 20 55 35 61 
17:45:26 -> 发牌数据m_szDeskConfig[0]=1：(38 1 42 26 59 39 52 33 9 6 79 40 22 
17:45:26 -> 发牌数据m_szDeskConfig[0]=1：(50 49 23 24 5 57 19 29 43 17 18 56 7 
17:49:08 -> 发牌数据m_szDeskConfig[0]=1：(12 21 78 59 29 53 49 5 37 23 61 39 25 
17:49:08 -> 发牌数据m_szDeskConfig[0]=1：(0 0 0 0 0 0 0 0 0 0 0 0 0 
17:49:08 -> 发牌数据m_szDeskConfig[0]=1：(45 57 24 55 42 50 6 17 60 41 35 8 9 
17:49:08 -> 发牌数据m_szDeskConfig[0]=1：(10 7 43 56 36 34 26 3 40 58 18 11 38 
17:57:14 -> 发牌数据m_szDeskConfig[0]=1：(18 44 10 78 57 36 42 26 24 40 38 35 34 
17:57:14 -> 发牌数据m_szDeskConfig[0]=1：(59 60 25 1 5 45 17 7 29 55 13 12 22 
17:57:14 -> 发牌数据m_szDeskConfig[0]=1：(23 19 28 52 8 61 54 79 2 51 49 39 56 
17:57:14 -> 发牌数据m_szDeskConfig[0]=1：(37 4 3 43 53 11 21 41 9 33 20 58 50 
17:58:26 -> 发牌数据m_szDeskConfig[0]=1：(4 28 8 7 78 59 79 10 60 52 53 22 6 
17:58:26 -> 发牌数据m_szDeskConfig[0]=1：(27 41 38 23 54 3 9 45 1 34 5 24 42 
17:58:26 -> 发牌数据m_szDeskConfig[0]=1：(17 21 35 39 33 13 55 12 18 20 51 37 58 
17:58:26 -> 发牌数据m_szDeskConfig[0]=1：(36 29 44 57 61 26 11 50 19 56 2 49 25 
17:59:52 -> 发牌数据m_szDeskConfig[0]=1：(25 40 6 22 57 60 19 27 78 44 45 7 42 
17:59:52 -> 发牌数据m_szDeskConfig[0]=1：(53 8 1 28 17 55 24 52 56 34 41 29 39 
17:59:52 -> 发牌数据m_szDeskConfig[0]=1：(13 79 58 20 59 33 36 51 49 3 43 61 38 
17:59:52 -> 发牌数据m_szDeskConfig[0]=1：(18 37 9 23 26 54 5 10 12 11 21 35 2 
18:00:50 -> 发牌数据m_szDeskConfig[0]=1：(29 51 57 79 42 50 10 78 6 11 21 33 17 
18:00:50 -> 发牌数据m_szDeskConfig[0]=1：(49 34 45 1 38 54 4 40 41 12 26 13 2 
18:00:50 -> 发牌数据m_szDeskConfig[0]=1：(20 39 25 36 53 23 52 7 56 5 22 8 27 
18:00:50 -> 发牌数据m_szDeskConfig[0]=1：(18 9 35 28 59 55 19 58 60 44 37 43 61 
18:02:10 -> 发牌数据m_szDeskConfig[0]=1：(35 24 12 49 54 26 22 39 36 34 59 51 37 
18:02:10 -> 发牌数据m_szDeskConfig[0]=1：(43 29 57 55 17 13 42 40 45 1 6 78 44 
18:02:10 -> 发牌数据m_szDeskConfig[0]=1：(8 5 58 18 61 21 4 20 19 10 23 50 38 
18:02:10 -> 发牌数据m_szDeskConfig[0]=1：(33 7 56 25 79 2 3 52 53 11 28 9 60 
18:03:07 -> 发牌数据m_szDeskConfig[0]=1：(34 45 6 59 26 5 50 39 17 40 3 52 61 
18:03:07 -> 发牌数据m_szDeskConfig[0]=1：(21 49 58 33 38 53 19 24 23 25 22 28 2 
18:03:07 -> 发牌数据m_szDeskConfig[0]=1：(20 60 43 41 13 1 18 56 55 27 78 4 7 
18:03:07 -> 发牌数据m_szDeskConfig[0]=1：(29 57 12 11 51 35 44 37 42 36 79 54 8 
18:05:03 -> 发牌数据m_szDeskConfig[0]=1：(10 27 21 29 58 79 51 45 24 41 19 78 53 
18:05:03 -> 发牌数据m_szDeskConfig[0]=1：(4 2 52 61 3 26 5 33 38 35 37 57 23 
18:05:03 -> 发牌数据m_szDeskConfig[0]=1：(50 56 60 28 8 20 9 11 59 6 40 34 7 
18:09:41 -> 发牌数据m_szDeskConfig[0]=1：(2 36 12 25 8 29 26 53 52 24 13 58 20 
18:09:41 -> 发牌数据m_szDeskConfig[0]=1：(22 60 7 57 28 18 9 41 1 39 6 17 78 
18:09:41 -> 发牌数据m_szDeskConfig[0]=1：(55 40 3 79 5 54 49 27 4 56 10 42 50 
18:09:42 -> 发牌数据m_szDeskConfig[0]=1：(36 55 19 53 1 50 61 58 56 24 44 13 42 
18:09:42 -> 发牌数据m_szDeskConfig[0]=1：(38 20 9 8 11 22 45 29 51 26 6 40 49 
18:09:42 -> 发牌数据m_szDeskConfig[0]=1：(78 4 27 18 57 59 7 21 41 10 33 60 54 
18:09:42 -> 发牌数据m_szDeskConfig[0]=1：(35 25 52 43 5 17 28 2 12 79 39 23 37 
18:10:41 -> 发牌数据m_szDeskConfig[0]=1：(6 53 58 39 7 34 28 57 79 51 23 60 17 
18:10:41 -> 发牌数据m_szDeskConfig[0]=1：(40 55 35 11 49 19 41 9 3 5 20 61 37 
18:10:41 -> 发牌数据m_szDeskConfig[0]=1：(43 27 10 8 59 24 18 42 50 78 29 21 33 
18:10:48 -> 发牌数据m_szDeskConfig[0]=1：(25 4 19 35 57 6 36 21 11 61 38 8 18 
18:10:48 -> 发牌数据m_szDeskConfig[0]=1：(9 52 78 7 50 49 3 59 51 24 58 12 22 
18:10:48 -> 发牌数据m_szDeskConfig[0]=1：(41 28 54 60 5 55 44 34 43 26 79 23 53 
18:10:48 -> 发牌数据m_szDeskConfig[0]=1：(39 33 17 37 27 10 29 2 42 40 20 13 45 
18:11:29 -> 发牌数据m_szDeskConfig[0]=1：(8 29 55 37 58 51 12 24 1 44 11 45 59 
18:11:29 -> 发牌数据m_szDeskConfig[0]=1：(10 61 40 36 38 27 22 60 79 35 53 6 4 
18:11:29 -> 发牌数据m_szDeskConfig[0]=1：(19 42 33 39 52 3 21 9 13 7 54 28 34 
18:11:46 -> 发牌数据m_szDeskConfig[0]=1：(11 61 17 78 13 44 5 28 41 22 34 19 24 
18:11:46 -> 发牌数据m_szDeskConfig[0]=1：(27 43 58 51 6 36 55 9 18 59 1 7 2 
18:11:46 -> 发牌数据m_szDeskConfig[0]=1：(12 35 21 26 25 20 39 40 23 45 54 57 29 
18:11:46 -> 发牌数据m_szDeskConfig[0]=1：(53 10 37 79 3 56 4 52 38 50 49 60 8 
18:13:01 -> 发牌数据m_szDeskConfig[0]=1：(13 79 61 19 29 57 10 5 6 78 53 21 50 
18:13:01 -> 发牌数据m_szDeskConfig[0]=1：(52 8 40 9 23 35 2 12 25 58 37 45 24 
18:13:01 -> 发牌数据m_szDeskConfig[0]=1：(59 43 44 17 55 18 34 33 49 4 28 11 56 
18:13:01 -> 发牌数据m_szDeskConfig[0]=1：(20 41 38 22 1 36 51 7 60 54 3 42 39 
18:14:09 -> 发牌数据m_szDeskConfig[0]=1：(10 28 29 34 22 35 12 38 39 53 50 43 51 
18:14:09 -> 发牌数据m_szDeskConfig[0]=1：(54 79 52 9 36 11 20 17 19 33 44 3 6 
18:14:09 -> 发牌数据m_szDeskConfig[0]=1：(26 42 37 41 56 24 45 49 55 21 18 78 25 
18:14:09 -> 发牌数据m_szDeskConfig[0]=1：(40 8 5 58 59 13 60 57 4 61 27 23 7 
18:15:14 -> 发牌数据m_szDeskConfig[0]=1：(58 51 8 9 3 22 19 13 23 44 56 25 40 
18:15:14 -> 发牌数据m_szDeskConfig[0]=1：(2 45 12 1 52 10 54 17 4 11 24 33 78 
18:15:14 -> 发牌数据m_szDeskConfig[0]=1：(36 7 41 61 53 29 6 21 42 55 60 50 27 
18:15:14 -> 发牌数据m_szDeskConfig[0]=1：(39 18 59 26 37 34 5 49 79 38 57 43 35 
18:18:03 -> 发牌数据m_szDeskConfig[0]=1：(8 28 38 53 43 19 1 58 39 17 27 6 23 
18:18:03 -> 发牌数据m_szDeskConfig[0]=1：(61 9 26 40 36 50 35 24 44 11 4 79 49 
18:18:03 -> 发牌数据m_szDeskConfig[0]=1：(13 54 78 10 41 3 55 37 51 56 18 20 52 
18:18:03 -> 发牌数据m_szDeskConfig[0]=1：(34 22 21 45 12 2 5 57 60 29 59 25 7 
18:19:05 -> 发牌数据m_szDeskConfig[0]=1：(58 57 3 19 40 51 29 18 38 13 34 12 43 
18:19:05 -> 发牌数据m_szDeskConfig[0]=1：(7 21 36 17 37 1 59 27 55 41 28 9 78 
18:19:05 -> 发牌数据m_szDeskConfig[0]=1：(45 10 33 60 49 2 52 54 23 11 20 5 8 
18:19:05 -> 发牌数据m_szDeskConfig[0]=1：(42 39 44 50 26 56 35 53 79 6 61 24 4 
18:20:23 -> 发牌数据m_szDeskConfig[0]=1：(9 5 35 18 58 78 55 12 4 51 19 49 1 
18:20:23 -> 发牌数据m_szDeskConfig[0]=1：(3 44 59 25 53 23 33 24 45 10 29 2 20 
18:20:23 -> 发牌数据m_szDeskConfig[0]=1：(7 56 26 60 21 41 6 8 40 61 43 37 39 
18:20:23 -> 发牌数据m_szDeskConfig[0]=1：(13 38 54 79 57 34 17 22 11 52 50 36 28 
18:21:17 -> 发牌数据m_szDeskConfig[0]=1：(19 41 49 55 79 78 36 3 10 11 24 1 9 
18:21:17 -> 发牌数据m_szDeskConfig[0]=1：(51 12 58 5 22 42 54 7 50 52 21 60 57 
18:21:17 -> 发牌数据m_szDeskConfig[0]=1：(18 25 61 43 17 6 45 34 26 27 39 56 28 
18:21:17 -> 发牌数据m_szDeskConfig[0]=1：(23 33 2 44 13 53 29 4 40 37 8 59 38 
18:23:45 -> 发牌数据m_szDeskConfig[0]=1：(28 45 41 10 26 78 29 57 9 36 13 54 19 
18:23:45 -> 发牌数据m_szDeskConfig[0]=1：(2 35 53 7 34 3 43 56 40 23 17 18 60 
18:23:45 -> 发牌数据m_szDeskConfig[0]=1：(59 33 37 51 24 22 4 21 79 38 25 1 5 
18:23:45 -> 发牌数据m_szDeskConfig[0]=1：(20 8 55 49 12 39 6 42 61 11 27 58 52 
18:24:38 -> 发牌数据m_szDeskConfig[0]=1：(33 13 51 54 29 4 55 50 35 17 34 2 20 
18:24:38 -> 发牌数据m_szDeskConfig[0]=1：(24 8 27 26 45 19 25 21 78 7 60 39 59 
18:24:38 -> 发牌数据m_szDeskConfig[0]=1：(12 5 79 18 44 38 49 23 53 58 37 43 11 
18:24:38 -> 发牌数据m_szDeskConfig[0]=1：(10 56 36 9 57 40 42 52 1 61 6 3 28 
18:27:06 -> 发牌数据m_szDeskConfig[0]=1：(21 35 25 10 45 12 37 19 58 4 43 13 36 
18:27:06 -> 发牌数据m_szDeskConfig[0]=1：(29 34 7 78 27 60 42 57 11 8 52 6 3 
18:27:06 -> 发牌数据m_szDeskConfig[0]=1：(44 40 23 33 1 18 41 9 55 56 17 2 5 
18:27:06 -> 发牌数据m_szDeskConfig[0]=1：(38 49 24 79 54 59 20 51 39 61 28 50 22 
18:27:59 -> 发牌数据m_szDeskConfig[0]=1：(8 12 57 5 37 28 21 20 35 22 25 33 1 
18:27:59 -> 发牌数据m_szDeskConfig[0]=1：(44 10 52 58 54 29 26 79 7 56 17 2 6 
18:27:59 -> 发牌数据m_szDeskConfig[0]=1：(9 78 50 40 3 42 13 36 19 61 60 39 41 
18:27:59 -> 发牌数据m_szDeskConfig[0]=1：(11 53 51 38 55 4 45 43 23 27 18 59 49 
18:28:50 -> 发牌数据m_szDeskConfig[0]=1：(43 22 36 28 45 38 19 56 3 61 29 11 55 
18:28:50 -> 发牌数据m_szDeskConfig[0]=1：(54 27 13 21 5 58 20 44 79 9 41 24 34 
18:28:50 -> 发牌数据m_szDeskConfig[0]=1：(2 51 35 1 33 17 23 39 57 49 53 37 40 
18:28:50 -> 发牌数据m_szDeskConfig[0]=1：(59 4 7 78 6 50 18 26 12 42 8 60 10 
18:29:38 -> 发牌数据m_szDeskConfig[0]=1：(7 21 12 23 3 26 50 55 54 17 2 8 44 
18:29:38 -> 发牌数据m_szDeskConfig[0]=1：(34 1 56 25 60 6 13 57 33 36 22 40 11 
18:29:38 -> 发牌数据m_szDeskConfig[0]=1：(59 38 35 79 78 51 9 45 10 49 24 19 27 
18:29:38 -> 发牌数据m_szDeskConfig[0]=1：(58 4 61 18 39 53 42 41 29 43 37 28 52 
18:30:23 -> 发牌数据m_szDeskConfig[0]=1：(27 17 22 20 28 11 35 42 25 37 33 53 24 
18:30:23 -> 发牌数据m_szDeskConfig[0]=1：(21 8 6 10 41 3 34 12 52 19 55 43 18 
18:30:23 -> 发牌数据m_szDeskConfig[0]=1：(1 45 58 13 56 29 5 61 26 49 57 39 23 
18:30:23 -> 发牌数据m_szDeskConfig[0]=1：(60 50 54 4 38 40 78 59 79 36 51 7 9 
18:31:37 -> 发牌数据m_szDeskConfig[0]=1：(45 36 38 23 7 13 79 5 56 12 59 21 54 
18:31:37 -> 发牌数据m_szDeskConfig[0]=1：(17 4 35 33 51 37 41 3 18 43 53 52 28 
18:31:37 -> 发牌数据m_szDeskConfig[0]=1：(26 42 34 78 40 8 44 55 39 2 61 22 24 
18:31:37 -> 发牌数据m_szDeskConfig[0]=1：(25 9 11 49 6 10 20 58 50 29 60 19 1 
