09:15:06 -> 发牌数据m_szDeskConfig[0]=1：(17 34 12 57 24 56 1 3 53 59 45 78 7 
09:15:06 -> 发牌数据m_szDeskConfig[0]=1：(52 13 36 35 22 79 43 23 50 6 4 2 8 
09:15:06 -> 发牌数据m_szDeskConfig[0]=1：(28 18 44 10 37 39 26 33 19 55 54 5 41 
09:15:52 -> 发牌数据m_szDeskConfig[0]=1：(59 22 54 33 10 35 43 5 61 49 53 21 18 
09:15:52 -> 发牌数据m_szDeskConfig[0]=1：(19 13 1 23 78 24 52 41 34 60 25 57 12 
09:15:52 -> 发牌数据m_szDeskConfig[0]=1：(55 26 7 20 40 4 11 50 39 27 38 6 58 
10:25:32 -> 发牌数据m_szDeskConfig[0]=1：(50 21 42 1 17 2 60 11 27 7 79 51 20 
10:25:32 -> 发牌数据m_szDeskConfig[0]=1：(43 39 6 54 19 37 33 35 9 22 38 56 44 
10:25:32 -> 发牌数据m_szDeskConfig[0]=1：(34 45 53 36 24 49 4 3 78 25 58 5 41 
10:26:02 -> 发牌数据m_szDeskConfig[0]=1：(54 58 51 8 5 33 9 11 56 35 20 6 2 
10:26:02 -> 发牌数据m_szDeskConfig[0]=1：(19 52 22 40 78 45 59 60 24 1 10 17 79 
10:26:02 -> 发牌数据m_szDeskConfig[0]=1：(55 38 29 61 39 43 12 57 36 25 18 27 4 
10:27:30 -> 发牌数据m_szDeskConfig[0]=1：(49 33 45 12 13 55 6 21 8 5 42 57 11 
10:27:30 -> 发牌数据m_szDeskConfig[0]=1：(35 25 1 36 59 37 24 27 3 51 50 7 38 
10:27:30 -> 发牌数据m_szDeskConfig[0]=1：(10 78 58 53 9 20 54 56 29 2 22 79 23 
10:28:36 -> 发牌数据m_szDeskConfig[0]=1：(11 34 52 51 5 3 10 36 18 28 39 56 43 
10:28:36 -> 发牌数据m_szDeskConfig[0]=1：(37 44 25 59 58 45 4 2 8 78 42 41 35 
10:28:36 -> 发牌数据m_szDeskConfig[0]=1：(61 40 27 17 29 57 49 6 1 38 22 12 9 
10:30:58 -> 发牌数据m_szDeskConfig[0]=1：(43 37 33 3 18 9 55 59 22 58 41 35 2 
10:30:58 -> 发牌数据m_szDeskConfig[0]=1：(50 8 12 52 39 40 5 4 19 54 57 25 1 
10:30:58 -> 发牌数据m_szDeskConfig[0]=1：(34 23 7 42 78 10 61 36 56 11 29 51 45 
11:00:45 -> 发牌数据m_szDeskConfig[0]=1：(39 42 36 23 61 50 11 10 12 6 21 54 51 
11:00:45 -> 发牌数据m_szDeskConfig[0]=1：(41 52 2 19 26 44 4 5 8 45 34 29 55 
11:00:45 -> 发牌数据m_szDeskConfig[0]=1：(35 28 56 17 27 79 40 53 25 43 22 1 60 
11:10:22 -> 发牌数据m_szDeskConfig[0]=1：(52 18 29 38 6 19 37 3 36 5 9 53 1 
11:10:22 -> 发牌数据m_szDeskConfig[0]=1：(55 41 59 50 40 25 7 56 11 43 17 78 23 
11:10:22 -> 发牌数据m_szDeskConfig[0]=1：(60 27 34 54 79 22 33 26 39 57 42 35 51 
11:18:16 -> 发牌数据m_szDeskConfig[0]=1：(43 19 22 61 60 17 44 10 59 6 7 49 79 
11:18:16 -> 发牌数据m_szDeskConfig[0]=1：(36 8 21 2 78 50 28 37 26 34 24 33 18 
11:18:16 -> 发牌数据m_szDeskConfig[0]=1：(23 25 57 39 5 55 38 54 45 1 20 41 53 
11:19:28 -> 发牌数据m_szDeskConfig[0]=1：(17 42 20 59 38 2 9 54 33 55 50 41 25 
11:19:28 -> 发牌数据m_szDeskConfig[0]=1：(7 26 22 35 51 11 18 49 60 34 27 6 40 
11:19:28 -> 发牌数据m_szDeskConfig[0]=1：(61 8 13 1 43 23 37 53 19 58 12 4 36 
11:20:10 -> 发牌数据m_szDeskConfig[0]=1：(54 11 61 45 49 33 10 26 29 53 5 36 7 
11:20:10 -> 发牌数据m_szDeskConfig[0]=1：(51 1 2 24 9 4 60 25 55 23 41 27 59 
11:20:10 -> 发牌数据m_szDeskConfig[0]=1：(52 40 50 56 57 34 8 38 78 13 19 37 18 
11:34:30 -> 发牌数据m_szDeskConfig[0]=1：(35 38 39 19 50 37 28 34 6 23 11 13 60 
11:34:30 -> 发牌数据m_szDeskConfig[0]=1：(8 24 2 18 17 55 53 12 7 56 57 61 36 
11:34:30 -> 发牌数据m_szDeskConfig[0]=1：(27 22 40 49 20 9 42 29 58 43 45 25 59 
11:54:36 -> 发牌数据m_szDeskConfig[0]=1：(7 26 53 17 2 6 51 49 9 27 18 56 42 
11:54:36 -> 发牌数据m_szDeskConfig[0]=1：(61 11 44 28 24 37 10 20 38 35 39 8 41 
11:54:36 -> 发牌数据m_szDeskConfig[0]=1：(58 78 25 13 57 3 22 79 55 19 34 21 54 
14:47:13 -> 发牌数据m_szDeskConfig[0]=1：(28 54 10 61 1 11 41 57 51 2 17 5 34 
14:47:13 -> 发牌数据m_szDeskConfig[0]=1：(38 79 18 52 22 78 39 20 29 60 35 44 33 
14:47:13 -> 发牌数据m_szDeskConfig[0]=1：(27 59 43 25 53 40 42 49 6 50 8 4 19 
14:47:51 -> 发牌数据m_szDeskConfig[0]=1：(44 53 2 45 57 23 29 41 52 3 39 59 9 
14:47:51 -> 发牌数据m_szDeskConfig[0]=1：(11 10 27 54 20 34 58 56 5 8 4 43 19 
14:47:51 -> 发牌数据m_szDeskConfig[0]=1：(35 42 13 17 12 24 1 25 28 51 55 7 36 
14:49:35 -> 发牌数据m_szDeskConfig[0]=1：(34 51 29 7 13 59 41 11 4 60 43 23 21 
14:49:35 -> 发牌数据m_szDeskConfig[0]=1：(5 20 61 12 18 37 9 22 35 24 78 52 33 
14:49:35 -> 发牌数据m_szDeskConfig[0]=1：(26 55 54 3 42 17 58 56 10 6 50 28 27 
