09:02:20 -> 发牌数据：(7 55 2 53 56 40 6 58 8 42 51 61 35 
09:02:20 -> 发牌数据：(10 41 79 5 11 25 39 43 50 21 23 34 28 
09:02:20 -> 发牌数据：(1 3 24 12 45 54 59 38 49 37 36 19 9 
09:02:20 -> 发牌数据：(78 33 13 18 20 4 26 29 57 17 22 44 60 
09:05:39 -> 发牌数据：(36 17 79 11 21 26 61 57 53 23 43 33 54 
09:05:39 -> 发牌数据：(18 28 34 78 45 52 1 50 10 49 59 38 8 
09:05:39 -> 发牌数据：(39 5 35 44 25 56 27 42 51 41 20 58 12 
09:05:39 -> 发牌数据：(37 40 2 7 60 13 22 55 24 19 4 3 9 
09:07:35 -> 发牌数据：(55 40 79 26 21 9 29 12 5 27 36 6 41 
09:07:35 -> 发牌数据：(39 78 53 59 60 45 7 18 50 25 2 17 49 
09:07:35 -> 发牌数据：(38 35 4 57 51 54 52 19 13 58 8 37 56 
09:07:35 -> 发牌数据：(10 28 44 1 33 3 42 61 23 20 24 11 22 
09:09:41 -> 发牌数据：(17 34 11 51 10 20 39 35 37 12 41 27 57 
09:09:41 -> 发牌数据：(49 29 5 42 3 52 61 9 79 21 54 38 1 
09:09:41 -> 发牌数据：(36 7 26 18 40 2 13 24 44 22 28 78 60 
09:09:41 -> 发牌数据：(45 53 23 8 33 19 50 25 43 55 56 6 4 
09:12:55 -> 发牌数据：(8 7 53 25 4 21 39 55 33 26 40 43 79 
09:12:55 -> 发牌数据：(35 38 9 59 18 49 51 78 5 20 1 23 10 
09:12:55 -> 发牌数据：(13 19 6 52 56 27 58 50 34 41 28 44 11 
09:12:55 -> 发牌数据：(3 60 54 36 61 57 17 37 24 45 22 42 12 
09:14:10 -> 发牌数据：(23 42 3 43 40 6 17 35 27 18 2 58 49 
09:14:10 -> 发牌数据：(54 34 24 1 9 13 59 60 19 21 45 22 7 
09:14:10 -> 发牌数据：(25 10 33 20 56 52 5 28 39 78 26 11 55 
09:14:10 -> 发牌数据：(36 57 29 41 79 37 51 50 8 44 61 53 12 
09:15:15 -> 发牌数据：(4 55 12 35 8 13 23 21 34 52 19 36 40 
09:15:15 -> 发牌数据：(45 39 54 10 49 43 42 3 44 18 57 26 60 
09:15:15 -> 发牌数据：(79 28 2 17 20 33 61 78 51 56 7 25 58 
09:15:15 -> 发牌数据：(24 9 53 6 29 37 27 38 50 1 11 59 5 
09:17:47 -> 发牌数据：(45 12 41 60 59 17 61 26 49 18 20 21 19 
09:17:47 -> 发牌数据：(40 38 27 8 54 78 53 37 79 13 4 58 5 
09:17:47 -> 发牌数据：(2 29 11 23 56 43 1 22 6 28 55 33 39 
09:17:47 -> 发牌数据：(50 10 51 36 52 35 25 3 34 9 24 42 44 
09:18:31 -> 发牌数据：(43 49 57 58 37 19 23 45 59 39 38 1 52 
09:18:31 -> 发牌数据：(4 33 21 11 5 42 44 27 29 8 40 12 53 
09:18:31 -> 发牌数据：(50 78 41 20 2 60 28 26 54 35 18 61 10 
09:18:31 -> 发牌数据：(79 3 55 56 51 6 22 24 17 7 25 9 36 
09:20:51 -> 发牌数据：(27 10 51 33 53 8 17 12 18 45 4 38 54 
09:20:51 -> 发牌数据：(7 9 23 21 6 11 55 35 57 28 36 40 61 
09:20:51 -> 发牌数据：(34 56 19 78 1 3 44 13 22 52 39 26 37 
09:20:51 -> 发牌数据：(29 79 25 2 60 50 41 58 24 43 20 42 59 
09:22:39 -> 发牌数据：(59 49 54 10 79 55 13 56 27 29 78 24 17 
09:22:39 -> 发牌数据：(50 22 38 42 3 28 25 4 44 34 7 26 39 
09:22:39 -> 发牌数据：(5 53 57 11 20 18 12 61 58 45 19 6 9 
09:22:39 -> 发牌数据：(41 21 52 8 40 43 33 2 60 37 1 51 35 
09:23:40 -> 发牌数据：(61 11 24 39 56 6 10 3 23 60 7 12 35 
09:23:40 -> 发牌数据：(59 4 37 41 9 29 44 21 51 38 2 20 1 
09:23:40 -> 发牌数据：(43 50 19 58 52 25 42 49 54 45 34 57 33 
09:23:40 -> 发牌数据：(5 28 18 55 40 13 79 53 8 36 78 17 22 
09:24:42 -> 发牌数据：(1 2 38 27 57 44 24 56 50 8 22 4 26 
09:24:42 -> 发牌数据：(25 11 78 18 55 60 54 23 12 37 28 61 43 
09:24:42 -> 发牌数据：(49 36 33 21 20 17 13 40 19 51 29 39 42 
09:24:42 -> 发牌数据：(52 10 53 5 6 7 79 45 35 9 34 3 59 
09:25:41 -> 发牌数据：(29 24 57 4 13 60 21 40 1 6 43 52 79 
09:25:41 -> 发牌数据：(26 8 23 49 42 44 20 25 5 61 10 36 19 
09:25:41 -> 发牌数据：(39 56 22 2 55 17 54 58 7 3 41 38 37 
09:25:41 -> 发牌数据：(28 12 27 50 11 35 78 33 9 53 34 51 18 
11:42:43 -> 发牌数据：(53 44 27 59 38 6 40 42 7 24 20 57 78 
11:42:43 -> 发牌数据：(13 23 26 11 79 8 61 37 36 39 41 28 3 
11:42:43 -> 发牌数据：(2 19 54 29 18 45 22 35 1 49 17 9 58 
11:42:43 -> 发牌数据：(55 50 4 5 43 56 60 25 34 51 10 12 21 
11:45:10 -> 发牌数据：(24 35 6 11 17 2 59 13 39 21 60 23 55 
11:45:10 -> 发牌数据：(8 20 61 79 40 28 36 42 38 52 26 22 56 
11:45:10 -> 发牌数据：(58 41 7 37 34 78 49 27 18 25 12 9 44 
11:45:10 -> 发牌数据：(29 51 1 3 33 19 57 5 10 43 53 4 54 
11:53:57 -> 发牌数据：(27 56 59 36 61 45 12 55 28 44 7 2 53 
11:53:57 -> 发牌数据：(34 17 3 13 58 11 37 20 41 5 9 42 22 
11:53:57 -> 发牌数据：(39 23 60 8 18 10 57 19 6 33 4 21 78 
11:53:57 -> 发牌数据：(24 29 25 79 1 49 38 40 26 54 52 51 35 
14:16:39 -> 发牌数据：(18 49 6 17 40 51 57 38 33 39 58 22 52 
14:16:39 -> 发牌数据：(36 5 12 9 61 4 19 28 24 29 45 79 41 
14:16:39 -> 发牌数据：(59 26 37 34 2 20 50 43 23 25 35 42 56 
14:16:39 -> 发牌数据：(44 53 13 27 78 7 11 8 54 10 60 1 55 
14:53:56 -> 发牌数据：(11 40 9 10 8 19 43 49 2 41 56 24 20 
14:53:56 -> 发牌数据：(36 7 5 3 42 17 44 29 61 59 79 35 25 
14:53:56 -> 发牌数据：(38 78 18 58 4 22 55 6 57 26 1 52 50 
14:53:56 -> 发牌数据：(33 13 37 53 27 45 39 51 28 12 60 21 34 
14:58:59 -> 发牌数据：(42 4 5 24 2 21 25 51 40 27 61 57 54 
14:58:59 -> 发牌数据：(36 28 37 1 17 33 59 49 19 22 39 11 29 
14:58:59 -> 发牌数据：(13 9 41 43 78 26 53 45 34 56 38 58 55 
14:58:59 -> 发牌数据：(20 44 10 12 52 6 35 7 60 8 23 18 79 
15:02:08 -> 发牌数据：(50 20 43 3 37 38 49 40 12 18 8 36 51 
15:02:08 -> 发牌数据：(25 21 55 61 6 28 23 58 41 10 59 33 57 
15:02:08 -> 发牌数据：(53 42 4 7 9 27 54 13 44 2 56 19 39 
15:02:08 -> 发牌数据：(52 45 60 34 26 5 17 24 29 78 79 35 11 
15:23:21 -> 发牌数据：(38 79 59 49 24 6 50 51 53 7 54 11 36 
15:23:21 -> 发牌数据：(9 58 26 60 21 78 42 56 35 10 45 1 4 
15:23:21 -> 发牌数据：(55 34 22 44 17 23 3 19 29 25 20 8 27 
15:23:21 -> 发牌数据：(61 18 13 5 41 52 43 12 33 28 40 39 57 
15:44:19 -> 发牌数据：(17 41 18 58 60 33 36 38 28 45 44 26 9 
15:44:19 -> 发牌数据：(35 55 2 22 61 57 49 20 56 13 27 50 29 
15:44:19 -> 发牌数据：(10 53 11 43 54 34 8 5 4 21 19 23 6 
15:44:19 -> 发牌数据：(42 37 24 40 78 52 79 25 3 59 51 1 7 
15:48:56 -> 发牌数据：(34 36 37 78 28 12 45 54 19 24 50 33 27 
15:48:56 -> 发牌数据：(60 11 57 35 22 53 44 42 25 41 38 5 3 
15:48:56 -> 发牌数据：(26 20 79 8 49 7 4 9 39 43 59 17 21 
15:48:56 -> 发牌数据：(52 18 2 61 6 23 29 58 56 10 55 1 40 
15:50:10 -> 发牌数据：(28 19 37 40 45 13 24 7 27 78 36 12 5 
15:50:10 -> 发牌数据：(35 54 57 41 39 60 8 22 11 2 21 50 52 
15:50:10 -> 发牌数据：(34 43 42 33 56 18 1 59 4 51 61 53 55 
15:50:10 -> 发牌数据：(26 29 6 44 49 58 9 38 79 23 3 20 10 
18:15:20 -> 发牌数据：(3 8 5 41 55 10 2 45 61 43 25 19 54 
18:15:20 -> 发牌数据：(12 17 35 27 21 51 39 60 59 11 1 4 34 
18:15:20 -> 发牌数据：(23 44 29 33 37 22 38 58 24 42 53 7 20 
18:15:20 -> 发牌数据：(36 18 57 52 40 13 49 26 56 6 9 50 28 
18:20:52 -> 发牌数据：(27 1 6 9 22 38 20 43 49 40 5 8 21 
18:20:52 -> 发牌数据：(7 12 52 26 42 79 18 60 54 45 78 35 33 
18:20:52 -> 发牌数据：(61 55 11 57 41 2 13 34 59 58 50 53 10 
18:20:52 -> 发牌数据：(44 3 39 56 19 51 4 28 17 36 29 25 23 
20:03:07 -> 发牌数据：(45 57 40 17 51 2 39 34 20 22 42 4 5 
20:03:07 -> 发牌数据：(56 6 52 59 27 10 3 37 28 36 55 13 44 
20:03:07 -> 发牌数据：(61 50 43 54 53 21 25 1 29 7 38 12 19 
20:04:18 -> 发牌数据：(23 26 34 55 58 17 43 59 1 50 25 36 7 
20:04:18 -> 发牌数据：(24 18 45 5 2 33 9 21 52 20 44 38 37 
20:04:18 -> 发牌数据：(13 56 28 8 3 6 39 22 27 53 29 51 41 
20:07:21 -> 发牌数据：(43 11 36 5 4 44 13 35 50 54 60 1 39 
20:07:21 -> 发牌数据：(29 55 59 33 26 53 7 42 19 34 38 18 41 
20:07:21 -> 发牌数据：(12 17 61 28 6 57 49 20 8 2 51 56 22 
20:09:55 -> 发牌数据：(36 27 35 52 56 38 33 44 59 50 25 28 2 
20:09:55 -> 发牌数据：(22 26 29 53 49 54 43 20 18 58 4 7 34 
20:09:55 -> 发牌数据：(57 45 10 40 3 19 61 37 51 6 12 9 8 
20:10:31 -> 发牌数据：(27 2 11 35 51 39 21 57 19 9 33 36 43 
20:10:31 -> 发牌数据：(50 61 53 4 23 52 6 12 41 13 26 20 22 
20:10:31 -> 发牌数据：(49 40 29 24 28 25 3 59 5 58 56 45 1 
20:16:39 -> 发牌数据：(4 2 54 43 34 24 38 7 6 25 52 19 21 
20:16:39 -> 发牌数据：(17 27 33 3 56 60 18 61 11 29 55 28 44 
20:16:39 -> 发牌数据：(10 8 50 5 12 49 26 57 35 13 20 51 41 
20:17:14 -> 发牌数据：(58 23 57 27 25 35 54 13 11 45 9 24 6 
20:17:14 -> 发牌数据：(3 53 40 56 28 7 34 29 4 44 8 49 5 
20:17:14 -> 发牌数据：(39 26 55 41 59 52 2 43 61 50 12 10 60 
20:18:22 -> 发牌数据：(26 38 55 25 35 41 44 20 52 2 29 9 57 
20:18:22 -> 发牌数据：(19 3 10 8 33 53 22 61 58 4 42 6 36 
20:18:22 -> 发牌数据：(50 17 24 34 60 39 11 13 49 23 59 40 43 
20:18:56 -> 发牌数据：(51 22 29 23 25 28 39 2 37 38 60 50 7 
20:18:56 -> 发牌数据：(6 42 4 52 3 11 33 40 18 5 17 35 56 
20:18:56 -> 发牌数据：(41 36 53 20 54 8 61 1 9 26 21 49 10 
20:28:37 -> 发牌数据：(53 60 28 61 43 59 13 25 3 33 11 35 51 
20:28:37 -> 发牌数据：(20 52 10 6 45 49 27 26 36 40 34 38 5 
20:28:37 -> 发牌数据：(9 17 8 54 42 23 39 21 29 4 56 41 57 
20:28:37 -> 发牌数据：(2 18 37 44 7 22 12 19 1 24 50 55 58 
20:29:22 -> 发牌数据：(36 34 2 58 12 50 54 21 25 44 3 35 26 
20:29:22 -> 发牌数据：(13 61 22 45 5 43 17 51 10 53 9 19 55 
20:29:22 -> 发牌数据：(59 4 52 49 38 20 28 42 41 27 7 18 60 
20:29:22 -> 发牌数据：(29 24 57 40 8 6 23 37 11 1 56 33 39 
20:30:12 -> 发牌数据：(4 28 58 12 6 59 24 56 35 17 44 52 3 
20:30:12 -> 发牌数据：(55 23 37 61 5 21 33 49 51 27 20 40 25 
20:30:12 -> 发牌数据：(42 34 43 41 1 50 18 36 10 29 57 60 38 
20:30:12 -> 发牌数据：(26 45 13 39 2 22 7 11 54 9 53 19 8 
21:09:43 -> 发牌数据：(18 51 55 20 44 40 19 37 1 5 39 57 50 
21:09:43 -> 发牌数据：(45 52 12 23 54 21 13 43 49 60 29 11 10 
21:09:43 -> 发牌数据：(22 38 9 61 6 41 7 26 8 34 24 36 17 
21:10:31 -> 发牌数据：(21 9 52 23 35 5 60 57 42 28 53 44 2 
21:10:31 -> 发牌数据：(18 13 8 51 17 10 33 22 26 61 36 43 50 
21:10:31 -> 发牌数据：(41 3 25 58 37 45 38 56 11 34 59 24 12 
21:11:38 -> 发牌数据：(53 41 36 44 29 1 13 10 42 18 7 57 3 
21:11:38 -> 发牌数据：(24 39 38 52 58 51 54 22 59 6 23 11 35 
21:11:38 -> 发牌数据：(21 49 55 56 40 37 26 17 2 50 4 45 34 
21:12:45 -> 发牌数据：(36 51 7 2 44 55 4 11 13 9 37 8 43 
21:12:45 -> 发牌数据：(6 54 42 49 57 40 35 45 19 22 34 17 21 
21:12:45 -> 发牌数据：(38 53 29 18 60 25 50 1 61 24 59 27 41 
21:12:45 -> 发牌数据：(26 5 56 12 23 28 3 33 20 39 52 58 10 
21:13:39 -> 发牌数据：(44 37 10 25 49 22 53 55 40 35 9 39 5 
21:13:39 -> 发牌数据：(11 58 51 17 23 20 57 61 43 18 59 3 6 
21:13:39 -> 发牌数据：(19 29 1 8 52 26 36 12 41 50 42 21 13 
21:13:39 -> 发牌数据：(34 2 33 28 56 60 54 38 7 45 4 27 24 
21:14:17 -> 发牌数据：(49 4 24 33 25 23 52 11 36 34 17 53 60 
21:14:17 -> 发牌数据：(2 38 6 21 26 29 55 40 28 19 57 27 1 
21:14:17 -> 发牌数据：(39 12 61 51 7 22 44 45 18 5 43 58 35 
21:14:17 -> 发牌数据：(10 8 3 37 56 54 9 41 20 42 13 59 50 
21:15:03 -> 发牌数据：(60 58 51 26 3 10 18 33 1 23 6 29 9 
21:15:03 -> 发牌数据：(21 50 44 42 25 57 38 40 41 53 61 8 36 
21:15:03 -> 发牌数据：(28 39 7 59 22 11 17 37 54 49 45 52 12 
21:15:03 -> 发牌数据：(55 19 35 34 56 5 24 20 4 13 43 2 27 
21:15:08 -> 发牌数据：(38 34 37 35 13 27 33 53 20 44 6 5 4 
21:15:08 -> 发牌数据：(3 17 54 11 19 43 42 52 45 51 7 41 59 
21:15:08 -> 发牌数据：(50 56 57 36 25 2 29 10 58 23 21 9 1 
21:15:39 -> 发牌数据：(45 33 26 59 58 10 37 54 35 4 28 27 13 
21:15:39 -> 发牌数据：(8 57 52 40 1 19 60 7 50 21 11 22 41 
21:15:39 -> 发牌数据：(25 36 39 55 18 24 6 23 29 56 38 49 43 
21:15:39 -> 发牌数据：(3 34 2 17 9 20 12 51 44 61 53 5 42 
21:16:22 -> 发牌数据：(41 53 1 12 17 27 29 11 23 38 55 56 42 
21:16:22 -> 发牌数据：(26 28 25 39 58 45 2 61 51 18 33 57 37 
21:16:22 -> 发牌数据：(9 8 6 10 44 3 22 35 54 19 5 34 24 
21:16:27 -> 发牌数据：(33 38 11 25 3 13 5 2 1 41 29 8 40 
21:16:27 -> 发牌数据：(23 58 21 17 36 19 10 20 9 34 59 44 24 
21:16:27 -> 发牌数据：(28 22 12 52 37 45 49 42 60 56 54 50 55 
21:16:27 -> 发牌数据：(61 57 43 27 4 7 26 53 6 18 35 51 39 
21:18:48 -> 发牌数据：(24 5 59 42 1 8 25 3 20 33 51 29 41 
21:18:48 -> 发牌数据：(43 56 7 55 11 12 39 6 54 26 50 36 35 
21:18:48 -> 发牌数据：(40 34 21 18 53 2 9 58 38 10 44 13 45 
21:19:23 -> 发牌数据：(33 57 27 18 38 36 41 53 26 60 42 39 21 
21:19:23 -> 发牌数据：(1 35 44 20 29 37 17 3 6 8 9 43 59 
21:19:23 -> 发牌数据：(19 24 13 25 61 58 56 2 49 22 51 40 50 
21:20:17 -> 发牌数据：(9 19 3 35 39 40 11 12 17 49 41 18 50 
21:20:17 -> 发牌数据：(51 45 55 10 33 29 42 6 5 25 34 27 4 
21:20:17 -> 发牌数据：(21 53 59 28 7 8 52 1 24 60 57 13 56 
21:20:48 -> 发牌数据：(3 53 11 20 17 43 13 25 41 51 22 26 19 
21:20:48 -> 发牌数据：(10 37 7 42 12 8 9 6 39 55 24 34 33 
21:20:48 -> 发牌数据：(56 45 60 35 38 27 40 57 21 2 29 50 23 
21:22:16 -> 发牌数据：(10 37 40 54 7 25 56 17 55 41 2 27 34 
21:22:16 -> 发牌数据：(24 29 19 21 36 12 11 45 26 13 18 3 5 
21:22:16 -> 发牌数据：(42 8 39 35 22 43 38 61 20 53 59 6 57 
21:24:51 -> 发牌数据：(60 5 25 35 36 61 58 44 26 11 19 6 9 
21:24:51 -> 发牌数据：(59 51 4 1 12 29 55 8 27 13 39 33 3 
21:24:51 -> 发牌数据：(10 56 49 54 53 23 28 41 2 37 57 17 24 
21:25:16 -> 发牌数据：(28 21 10 6 60 56 39 8 44 25 35 29 43 
21:25:16 -> 发牌数据：(42 45 20 51 53 24 23 22 13 40 5 49 9 
21:25:16 -> 发牌数据：(11 59 36 2 38 41 55 33 61 26 7 3 18 
21:26:38 -> 发牌数据：(7 61 18 54 8 37 58 10 1 39 17 56 50 
21:26:38 -> 发牌数据：(53 21 22 6 52 20 26 38 24 25 36 2 27 
21:26:38 -> 发牌数据：(59 9 57 44 23 34 49 43 40 12 42 19 3 
21:27:35 -> 发牌数据：(13 8 33 53 3 20 19 2 7 44 17 11 27 
21:27:35 -> 发牌数据：(60 41 25 55 51 54 21 56 43 40 35 49 34 
21:27:35 -> 发牌数据：(29 1 22 45 59 57 6 38 28 9 24 61 39 
21:30:04 -> 发牌数据：(17 25 53 1 49 37 5 3 42 20 23 39 60 
21:30:04 -> 发牌数据：(57 33 61 51 28 45 54 26 19 18 13 12 29 
21:30:04 -> 发牌数据：(27 52 50 8 59 22 36 4 43 58 7 55 34 
21:32:36 -> 发牌数据m_szDeskConfig[0]=0：(21 25 55 42 4 27 35 33 54 3 49 26 2 
21:32:36 -> 发牌数据m_szDeskConfig[0]=0：(41 50 23 18 34 28 9 6 8 38 53 36 45 
21:32:36 -> 发牌数据m_szDeskConfig[0]=0：(58 60 13 61 51 19 52 10 22 5 56 59 7 
21:39:20 -> 发牌数据m_szDeskConfig[0]=0：(23 51 7 29 54 42 37 56 5 17 12 38 19 
21:39:20 -> 发牌数据m_szDeskConfig[0]=0：(57 60 21 39 28 22 20 8 34 59 35 41 40 
21:39:20 -> 发牌数据m_szDeskConfig[0]=0：(25 53 36 1 2 10 44 11 6 58 3 13 52 
21:40:01 -> 发牌数据m_szDeskConfig[0]=0：(61 54 28 2 3 49 52 27 9 41 58 39 25 
21:40:01 -> 发牌数据m_szDeskConfig[0]=0：(34 1 13 40 22 53 17 45 43 10 38 37 50 
21:40:01 -> 发牌数据m_szDeskConfig[0]=0：(4 60 35 36 24 59 6 57 19 33 7 20 23 
21:40:30 -> 发牌数据m_szDeskConfig[0]=0：(19 7 1 49 28 20 24 29 54 23 44 52 33 
21:40:30 -> 发牌数据m_szDeskConfig[0]=0：(12 4 5 40 50 55 2 39 21 34 51 27 43 
21:40:30 -> 发牌数据m_szDeskConfig[0]=0：(18 13 38 45 53 9 58 26 10 57 61 17 59 
21:40:54 -> 发牌数据m_szDeskConfig[0]=0：(61 1 11 44 9 42 33 49 45 53 4 50 12 
21:40:54 -> 发牌数据m_szDeskConfig[0]=0：(13 34 25 37 21 57 5 18 52 26 24 54 20 
21:40:54 -> 发牌数据m_szDeskConfig[0]=0：(40 8 23 39 55 28 58 6 36 2 38 7 43 
21:41:09 -> 发牌数据m_szDeskConfig[0]=0：(5 11 4 24 37 55 56 54 57 53 18 49 33 
21:41:09 -> 发牌数据m_szDeskConfig[0]=0：(17 9 13 28 23 52 43 38 7 45 39 21 27 
21:41:09 -> 发牌数据m_szDeskConfig[0]=0：(2 42 61 12 36 34 50 58 41 40 59 6 44 
21:42:00 -> 发牌数据m_szDeskConfig[0]=0：(52 57 39 59 45 10 21 42 26 29 12 55 6 
21:42:00 -> 发牌数据m_szDeskConfig[0]=0：(36 8 18 13 41 33 9 23 1 44 2 60 50 
21:42:00 -> 发牌数据m_szDeskConfig[0]=0：(20 40 51 7 17 56 37 53 27 11 24 58 43 
21:42:00 -> 发牌数据m_szDeskConfig[0]=0：(5 34 61 3 19 25 28 22 35 38 54 49 4 
21:42:33 -> 发牌数据m_szDeskConfig[0]=0：(8 25 52 38 10 53 50 9 28 57 12 42 35 
21:42:33 -> 发牌数据m_szDeskConfig[0]=0：(56 49 29 6 45 61 24 19 4 60 41 40 2 
21:42:33 -> 发牌数据m_szDeskConfig[0]=0：(43 1 11 58 34 36 26 21 20 22 54 23 18 
21:42:33 -> 发牌数据m_szDeskConfig[0]=0：(5 44 39 27 37 33 7 55 3 59 13 51 17 
21:43:10 -> 发牌数据m_szDeskConfig[0]=0：(35 43 2 59 27 12 45 54 51 21 26 23 20 
21:43:10 -> 发牌数据m_szDeskConfig[0]=0：(28 25 11 56 7 52 57 58 38 53 40 55 4 
21:43:10 -> 发牌数据m_szDeskConfig[0]=0：(3 29 34 37 1 6 49 24 8 36 19 42 61 
21:43:10 -> 发牌数据m_szDeskConfig[0]=0：(44 13 9 33 17 39 41 60 18 10 22 5 50 
21:44:25 -> 发牌数据m_szDeskConfig[0]=1：(41 7 79 35 52 8 44 21 28 51 39 18 50 
21:44:25 -> 发牌数据m_szDeskConfig[0]=1：(54 12 20 2 26 57 33 36 5 38 25 27 55 
21:44:25 -> 发牌数据m_szDeskConfig[0]=1：(23 22 6 59 13 56 37 58 53 61 9 3 34 
21:45:06 -> 发牌数据m_szDeskConfig[0]=1：(25 56 7 11 61 44 13 49 38 59 37 19 22 
21:45:06 -> 发牌数据m_szDeskConfig[0]=1：(28 21 51 35 79 78 27 33 17 53 43 26 39 
21:45:06 -> 发牌数据m_szDeskConfig[0]=1：(10 41 57 4 23 54 50 60 12 40 18 34 5 
21:45:06 -> 发牌数据m_szDeskConfig[0]=1：(58 9 52 24 29 2 55 8 20 42 3 45 36 
21:45:56 -> 发牌数据m_szDeskConfig[0]=1：(55 37 36 52 29 2 41 45 60 20 12 61 51 
21:45:56 -> 发牌数据m_szDeskConfig[0]=1：(49 1 58 54 56 78 50 6 11 44 17 7 13 
21:45:56 -> 发牌数据m_szDeskConfig[0]=1：(21 26 35 38 43 79 4 53 28 42 27 34 3 
21:45:56 -> 发牌数据m_szDeskConfig[0]=1：(10 25 5 18 39 19 57 40 9 22 8 23 24 
21:47:00 -> 发牌数据m_szDeskConfig[0]=1：(40 78 2 3 22 6 17 41 44 18 49 8 43 
21:47:00 -> 发牌数据m_szDeskConfig[0]=1：(38 29 33 19 7 24 39 20 60 53 4 50 42 
21:47:00 -> 发牌数据m_szDeskConfig[0]=1：(58 1 9 12 52 27 11 21 10 45 36 26 34 
21:47:00 -> 发牌数据m_szDeskConfig[0]=1：(5 13 56 54 28 59 25 79 51 35 37 57 61 
21:47:17 -> 发牌数据m_szDeskConfig[0]=1：(58 50 29 38 56 6 52 27 42 8 53 49 22 
21:47:17 -> 发牌数据m_szDeskConfig[0]=1：(10 40 26 5 61 79 37 51 36 12 9 55 28 
21:47:17 -> 发牌数据m_szDeskConfig[0]=1：(2 7 24 59 20 43 33 17 41 11 35 4 13 
21:48:07 -> 发牌数据m_szDeskConfig[0]=1：(37 41 60 42 5 4 56 8 26 55 12 61 28 
21:48:07 -> 发牌数据m_szDeskConfig[0]=1：(9 59 53 11 50 36 38 79 35 57 24 34 6 
21:48:07 -> 发牌数据m_szDeskConfig[0]=1：(33 13 51 19 25 17 2 29 78 7 20 54 3 
21:48:43 -> 发牌数据m_szDeskConfig[0]=1：(45 78 9 60 3 42 23 44 7 40 53 41 2 
21:48:43 -> 发牌数据m_szDeskConfig[0]=1：(50 33 28 1 11 54 37 29 34 57 36 25 38 
21:48:43 -> 发牌数据m_szDeskConfig[0]=1：(18 22 79 4 49 20 52 39 17 35 55 6 19 
21:50:14 -> 发牌数据m_szDeskConfig[0]=1：(35 78 28 55 33 13 1 3 36 23 25 19 45 
21:50:14 -> 发牌数据m_szDeskConfig[0]=1：(7 43 40 27 17 12 24 53 60 8 52 54 22 
21:50:14 -> 发牌数据m_szDeskConfig[0]=1：(44 79 56 21 51 6 38 34 4 10 49 61 2 
21:50:50 -> 发牌数据m_szDeskConfig[0]=1：(79 78 37 54 50 52 20 53 36 58 59 13 42 
21:50:50 -> 发牌数据m_szDeskConfig[0]=1：(4 5 43 51 33 27 34 49 60 3 40 19 2 
21:50:50 -> 发牌数据m_szDeskConfig[0]=1：(61 8 28 21 35 29 22 56 9 44 41 57 23 
21:51:25 -> 发牌数据m_szDeskConfig[0]=1：(53 12 35 39 8 20 19 17 56 5 79 44 36 
21:51:25 -> 发牌数据m_szDeskConfig[0]=1：(7 28 10 45 11 27 6 57 33 52 2 29 55 
21:51:25 -> 发牌数据m_szDeskConfig[0]=1：(41 58 37 25 4 50 38 51 60 49 3 54 1 
21:55:34 -> 发牌数据m_szDeskConfig[0]=1：(24 4 26 19 54 27 41 29 18 22 8 78 34 
21:55:34 -> 发牌数据m_szDeskConfig[0]=1：(42 56 28 55 45 9 79 51 3 12 43 39 60 
21:55:34 -> 发牌数据m_szDeskConfig[0]=1：(23 11 38 21 25 37 53 50 10 2 44 58 57 
21:55:35 -> 发牌数据m_szDeskConfig[0]=1：(33 40 13 5 49 7 1 6 52 17 35 36 59 
21:57:00 -> 发牌数据m_szDeskConfig[0]=1：(54 1 10 58 2 78 49 57 34 9 33 51 52 
21:57:00 -> 发牌数据m_szDeskConfig[0]=1：(5 35 26 27 20 13 6 79 36 44 28 24 38 
21:57:00 -> 发牌数据m_szDeskConfig[0]=1：(12 39 17 61 21 40 56 42 3 7 25 22 50 
21:57:00 -> 发牌数据m_szDeskConfig[0]=1：(37 11 19 53 60 23 18 8 4 29 41 45 59 
21:57:52 -> 发牌数据m_szDeskConfig[0]=1：(19 2 35 50 38 11 49 40 29 18 43 60 20 
21:57:52 -> 发牌数据m_szDeskConfig[0]=1：(4 52 9 42 25 7 79 12 41 45 1 24 61 
21:57:52 -> 发牌数据m_szDeskConfig[0]=1：(59 56 39 21 57 58 36 54 26 33 3 34 22 
21:57:52 -> 发牌数据m_szDeskConfig[0]=1：(10 13 44 55 27 51 5 37 6 53 17 78 8 
