09:30:20 -> 发牌数据m_szDeskConfig[0]=1：(45 40 13 34 42 33 25 43 39 51 57 38 29 
09:30:20 -> 发牌数据m_szDeskConfig[0]=1：(36 9 20 52 55 59 22 12 23 26 60 58 4 
09:30:20 -> 发牌数据m_szDeskConfig[0]=1：(27 17 2 24 7 35 5 11 1 78 56 8 54 
09:33:00 -> 发牌数据m_szDeskConfig[0]=1：(5 7 43 44 57 61 49 78 29 40 54 1 17 
09:33:00 -> 发牌数据m_szDeskConfig[0]=1：(19 53 24 79 55 36 52 25 10 12 27 56 38 
09:33:00 -> 发牌数据m_szDeskConfig[0]=1：(3 37 8 45 22 11 18 41 6 13 28 59 33 
09:34:42 -> 发牌数据m_szDeskConfig[0]=1：(38 42 61 3 25 19 26 1 53 39 58 21 17 
09:34:42 -> 发牌数据m_szDeskConfig[0]=1：(79 8 59 44 5 29 49 36 60 52 45 27 33 
09:34:42 -> 发牌数据m_szDeskConfig[0]=1：(34 35 54 9 4 51 2 12 23 6 57 18 11 
09:50:57 -> 发牌数据m_szDeskConfig[0]=1：(21 11 57 13 78 18 26 51 41 79 58 45 54 
09:50:57 -> 发牌数据m_szDeskConfig[0]=1：(44 35 10 33 5 39 4 9 52 60 55 3 7 
09:50:57 -> 发牌数据m_szDeskConfig[0]=1：(19 42 28 12 40 43 22 34 23 20 29 2 37 
09:52:18 -> 发牌数据m_szDeskConfig[0]=1：(61 7 40 45 78 56 18 5 3 22 1 57 35 
09:52:18 -> 发牌数据m_szDeskConfig[0]=1：(28 38 21 60 44 51 17 54 12 9 6 27 58 
09:52:18 -> 发牌数据m_szDeskConfig[0]=1：(39 59 42 19 53 43 41 50 55 20 79 24 29 
09:53:21 -> 发牌数据m_szDeskConfig[0]=1：(59 61 24 34 54 49 58 2 35 27 8 7 23 
09:53:21 -> 发牌数据m_szDeskConfig[0]=1：(29 45 18 19 56 60 38 12 25 42 44 3 28 
09:53:21 -> 发牌数据m_szDeskConfig[0]=1：(52 4 17 55 20 22 26 78 6 21 5 40 33 
10:07:04 -> 发牌数据m_szDeskConfig[0]=1：(37 61 41 51 28 57 59 3 54 42 9 60 58 
10:07:04 -> 发牌数据m_szDeskConfig[0]=1：(24 49 39 4 2 43 55 7 18 22 78 5 19 
10:07:04 -> 发牌数据m_szDeskConfig[0]=1：(25 53 36 11 8 52 26 6 38 34 40 35 23 
10:09:54 -> 发牌数据m_szDeskConfig[0]=1：(8 37 9 27 3 28 79 50 43 25 42 11 29 
10:09:54 -> 发牌数据m_szDeskConfig[0]=1：(19 34 54 53 4 24 22 39 55 45 1 40 52 
10:09:54 -> 发牌数据m_szDeskConfig[0]=1：(12 33 56 78 51 57 6 18 41 13 49 58 35 
10:10:58 -> 发牌数据m_szDeskConfig[0]=1：(5 53 27 3 54 13 22 33 79 34 56 49 10 
10:10:58 -> 发牌数据m_szDeskConfig[0]=1：(37 78 24 8 44 35 25 18 2 58 45 59 20 
10:10:58 -> 发牌数据m_szDeskConfig[0]=1：(17 9 4 7 43 19 21 40 52 1 26 57 39 
10:11:31 -> 发牌数据m_szDeskConfig[0]=1：(52 37 58 38 41 35 45 5 43 36 50 8 3 
10:11:31 -> 发牌数据m_szDeskConfig[0]=1：(59 21 51 13 26 27 40 39 10 60 54 4 18 
10:11:31 -> 发牌数据m_szDeskConfig[0]=1：(61 19 56 25 20 23 55 6 2 49 33 79 12 
10:12:04 -> 发牌数据m_szDeskConfig[0]=1：(57 58 34 17 51 33 2 45 49 40 24 53 42 
10:12:04 -> 发牌数据m_szDeskConfig[0]=1：(78 25 50 56 79 22 6 12 5 52 13 1 4 
10:12:04 -> 发牌数据m_szDeskConfig[0]=1：(44 7 11 3 35 29 23 59 28 60 10 54 55 
10:12:39 -> 发牌数据m_szDeskConfig[0]=1：(41 7 13 27 40 19 39 53 33 59 61 24 36 
10:12:39 -> 发牌数据m_szDeskConfig[0]=1：(60 26 12 6 56 11 3 78 23 1 55 37 5 
10:12:39 -> 发牌数据m_szDeskConfig[0]=1：(25 58 28 21 51 79 57 10 18 44 20 50 29 
10:14:26 -> 发牌数据m_szDeskConfig[0]=1：(3 41 53 49 20 22 55 4 59 19 44 13 52 
10:14:26 -> 发牌数据m_szDeskConfig[0]=1：(25 33 40 35 79 26 57 18 5 45 60 23 1 
10:14:26 -> 发牌数据m_szDeskConfig[0]=1：(8 78 6 36 50 12 21 58 61 29 51 28 38 
10:17:23 -> 发牌数据m_szDeskConfig[0]=1：(54 8 45 27 26 42 40 9 17 39 51 21 37 
10:17:23 -> 发牌数据m_szDeskConfig[0]=1：(44 12 55 23 28 61 57 34 78 41 4 79 24 
10:17:23 -> 发牌数据m_szDeskConfig[0]=1：(58 38 3 22 53 60 29 52 33 7 13 1 18 
10:31:29 -> 发牌数据m_szDeskConfig[0]=1：(12 17 8 29 4 79 21 28 11 61 57 54 27 
10:31:29 -> 发牌数据m_szDeskConfig[0]=1：(25 58 2 41 6 22 7 37 45 10 40 43 24 
10:31:29 -> 发牌数据m_szDeskConfig[0]=1：(60 23 33 13 19 44 78 55 42 59 36 9 35 
10:32:29 -> 发牌数据m_szDeskConfig[0]=1：(39 2 22 6 61 36 8 51 44 59 79 38 55 
10:32:29 -> 发牌数据m_szDeskConfig[0]=1：(17 11 1 41 13 5 50 78 52 19 28 56 49 
10:32:29 -> 发牌数据m_szDeskConfig[0]=1：(54 58 9 43 26 21 37 27 35 20 60 29 33 
10:33:05 -> 发牌数据m_szDeskConfig[0]=1：(27 20 34 59 50 42 13 60 45 18 58 39 1 
10:33:05 -> 发牌数据m_szDeskConfig[0]=1：(29 3 36 54 9 12 40 26 38 25 43 24 33 
10:33:05 -> 发牌数据m_szDeskConfig[0]=1：(52 4 8 11 5 2 61 51 17 21 19 44 57 
10:33:41 -> 发牌数据m_szDeskConfig[0]=1：(29 45 6 42 4 26 60 17 23 79 27 1 5 
10:33:41 -> 发牌数据m_szDeskConfig[0]=1：(78 18 39 49 21 38 50 57 3 8 41 9 44 
10:33:41 -> 发牌数据m_szDeskConfig[0]=1：(7 10 25 33 61 59 52 34 11 37 58 53 24 
10:40:21 -> 发牌数据m_szDeskConfig[0]=1：(23 7 6 12 40 78 50 79 19 43 36 58 11 
10:40:21 -> 发牌数据m_szDeskConfig[0]=1：(8 59 51 20 24 49 53 39 42 35 29 61 44 
10:40:21 -> 发牌数据m_szDeskConfig[0]=1：(4 25 5 56 55 26 41 45 28 18 3 34 54 
10:40:58 -> 发牌数据m_szDeskConfig[0]=1：(28 9 57 27 23 44 1 35 43 51 39 54 58 
10:40:58 -> 发牌数据m_szDeskConfig[0]=1：(79 45 13 21 25 20 37 10 5 6 3 24 33 
10:40:58 -> 发牌数据m_szDeskConfig[0]=1：(29 18 53 38 52 22 4 60 61 2 7 42 26 
10:41:57 -> 发牌数据m_szDeskConfig[0]=1：(57 42 52 35 5 10 54 24 45 21 55 78 13 
10:41:57 -> 发牌数据m_szDeskConfig[0]=1：(29 2 19 7 51 34 8 49 18 3 37 12 26 
10:41:57 -> 发牌数据m_szDeskConfig[0]=1：(50 41 33 6 9 56 59 27 53 28 60 40 79 
10:42:53 -> 发牌数据m_szDeskConfig[0]=1：(7 23 34 40 55 39 79 61 8 54 20 12 36 
10:42:53 -> 发牌数据m_szDeskConfig[0]=1：(17 24 25 60 28 35 13 6 56 29 27 45 26 
10:42:53 -> 发牌数据m_szDeskConfig[0]=1：(38 4 52 42 21 43 22 59 37 58 3 11 51 
10:55:56 -> 发牌数据m_szDeskConfig[0]=1：(45 7 13 29 27 23 79 49 22 6 53 59 51 
10:55:56 -> 发牌数据m_szDeskConfig[0]=1：(57 21 35 10 28 38 19 54 39 78 5 56 4 
10:55:56 -> 发牌数据m_szDeskConfig[0]=1：(3 34 50 33 24 1 20 42 52 43 11 36 61 
10:57:38 -> 发牌数据m_szDeskConfig[0]=1：(7 11 40 1 55 78 56 79 49 20 52 44 23 
10:57:39 -> 发牌数据m_szDeskConfig[0]=1：(41 9 57 27 3 60 51 35 39 53 5 42 54 
10:57:39 -> 发牌数据m_szDeskConfig[0]=1：(26 21 8 37 24 34 50 58 19 38 25 10 43 
10:58:12 -> 发牌数据m_szDeskConfig[0]=1：(57 19 12 51 10 54 34 24 5 6 78 58 4 
10:58:12 -> 发牌数据m_szDeskConfig[0]=1：(43 26 41 9 50 11 45 37 33 53 40 20 18 
10:58:12 -> 发牌数据m_szDeskConfig[0]=1：(25 56 35 23 29 61 3 22 55 79 27 60 21 
17:13:39 -> 发牌数据m_szDeskConfig[0]=1：(52 60 42 8 58 18 43 27 24 13 4 39 35 
17:13:39 -> 发牌数据m_szDeskConfig[0]=1：(21 5 19 23 29 53 57 49 45 17 28 34 33 
17:13:39 -> 发牌数据m_szDeskConfig[0]=1：(41 37 12 54 10 51 25 7 11 38 61 22 50 
17:21:32 -> 发牌数据m_szDeskConfig[0]=1：(5 37 40 7 79 18 4 27 43 53 6 50 33 
17:21:32 -> 发牌数据m_szDeskConfig[0]=1：(38 25 11 34 59 2 42 58 44 55 26 21 35 
17:21:32 -> 发牌数据m_szDeskConfig[0]=1：(29 28 22 41 60 8 57 49 13 36 10 20 17 
17:23:12 -> 发牌数据m_szDeskConfig[0]=1：(37 1 18 8 26 59 22 56 49 27 24 6 9 
17:23:12 -> 发牌数据m_szDeskConfig[0]=1：(3 5 10 20 11 41 7 43 38 39 34 13 78 
17:23:12 -> 发牌数据m_szDeskConfig[0]=1：(19 44 33 35 52 23 53 50 17 79 55 58 29 
17:23:12 -> 发牌数据m_szDeskConfig[0]=1：(21 28 60 54 25 12 2 45 36 57 4 51 61 
17:59:26 -> 发牌数据m_szDeskConfig[0]=1：(54 29 2 19 24 18 9 13 33 20 78 3 45 
17:59:26 -> 发牌数据m_szDeskConfig[0]=1：(59 36 1 37 51 26 5 60 55 34 41 27 39 
17:59:26 -> 发牌数据m_szDeskConfig[0]=1：(11 12 61 23 35 56 44 17 21 7 40 52 57 
18:00:50 -> 发牌数据m_szDeskConfig[0]=1：(36 18 49 37 42 60 10 41 40 1 20 21 6 
18:00:50 -> 发牌数据m_szDeskConfig[0]=1：(50 24 23 8 57 29 17 78 44 13 2 51 39 
18:00:50 -> 发牌数据m_szDeskConfig[0]=1：(35 33 28 12 7 25 54 59 4 43 22 3 55 
