10:31:18 -> 发牌数据m_szDeskConfig[0]=1：(36 23 11 21 9 10 24 12 78 3 52 58 13 
10:31:18 -> 发牌数据m_szDeskConfig[0]=1：(55 35 57 60 39 7 51 50 29 26 8 54 27 
10:31:18 -> 发牌数据m_szDeskConfig[0]=1：(28 33 4 5 53 41 59 17 49 42 40 38 44 
10:39:21 -> 发牌数据m_szDeskConfig[0]=1：(26 17 2 22 19 21 38 4 33 61 34 6 9 
10:39:21 -> 发牌数据m_szDeskConfig[0]=1：(11 55 5 58 39 57 43 50 79 36 54 37 24 
10:39:21 -> 发牌数据m_szDeskConfig[0]=1：(7 1 10 29 52 23 56 25 60 8 12 41 27 
11:22:05 -> 发牌数据m_szDeskConfig[0]=1：(51 55 22 23 60 57 33 50 5 1 28 27 12 
11:22:05 -> 发牌数据m_szDeskConfig[0]=1：(78 7 34 35 29 59 37 38 41 56 24 58 3 
11:22:05 -> 发牌数据m_szDeskConfig[0]=1：(39 26 18 25 53 52 2 19 49 54 44 21 13 
11:27:36 -> 发牌数据m_szDeskConfig[0]=1：(20 6 45 23 2 43 61 38 24 60 33 55 50 
11:27:36 -> 发牌数据m_szDeskConfig[0]=1：(5 59 21 22 58 9 27 10 51 52 8 49 28 
11:27:36 -> 发牌数据m_szDeskConfig[0]=1：(40 18 19 34 25 26 3 13 36 29 39 1 17 
11:34:26 -> 发牌数据m_szDeskConfig[0]=1：(35 59 56 3 21 37 49 40 8 9 78 60 51 
11:34:26 -> 发牌数据m_szDeskConfig[0]=1：(55 28 12 20 45 50 44 38 26 18 39 41 1 
11:34:26 -> 发牌数据m_szDeskConfig[0]=1：(25 61 19 2 23 6 24 52 4 5 43 29 13 
11:37:59 -> 发牌数据m_szDeskConfig[0]=1：(6 34 36 1 12 49 56 42 52 78 39 7 45 
11:37:59 -> 发牌数据m_szDeskConfig[0]=1：(4 5 25 33 51 38 8 61 40 21 9 37 41 
11:37:59 -> 发牌数据m_szDeskConfig[0]=1：(43 57 29 13 10 53 22 23 55 79 3 44 59 
11:37:59 -> 发牌数据m_szDeskConfig[0]=1：(28 19 17 24 60 35 26 27 54 2 11 20 58 
11:39:25 -> 发牌数据m_szDeskConfig[0]=1：(45 28 79 58 59 8 43 54 40 7 33 53 9 
11:39:25 -> 发牌数据m_szDeskConfig[0]=1：(26 41 29 61 21 60 38 35 25 5 19 12 4 
11:39:25 -> 发牌数据m_szDeskConfig[0]=1：(51 1 49 36 10 56 13 57 39 6 11 22 78 
11:39:25 -> 发牌数据m_szDeskConfig[0]=1：(34 2 23 18 52 17 24 44 42 27 3 50 55 
11:40:27 -> 发牌数据m_szDeskConfig[0]=1：(54 5 57 27 9 60 24 29 35 13 53 19 6 
11:40:27 -> 发牌数据m_szDeskConfig[0]=1：(61 40 1 36 8 78 39 18 20 22 79 2 59 
11:40:27 -> 发牌数据m_szDeskConfig[0]=1：(26 3 50 12 56 21 52 23 45 42 55 44 11 
11:42:24 -> 发牌数据m_szDeskConfig[0]=1：(25 40 60 57 4 49 50 33 59 43 9 3 13 
11:42:24 -> 发牌数据m_szDeskConfig[0]=1：(37 5 20 2 35 12 53 23 10 1 24 42 55 
11:42:24 -> 发牌数据m_szDeskConfig[0]=1：(61 21 7 39 11 78 18 28 52 36 6 38 17 
11:42:24 -> 发牌数据m_szDeskConfig[0]=1：(51 56 58 44 26 29 54 34 45 8 19 79 22 
