16:08:34 -> 发牌数据：(38 56 54 79 42 61 25 52 2 27 17 33 45 
16:08:34 -> 发牌数据：(28 26 35 59 19 57 20 5 24 53 7 10 12 
16:08:34 -> 发牌数据：(44 43 4 9 37 3 11 8 58 39 51 34 78 
16:08:34 -> 发牌数据：(60 13 29 36 18 41 50 21 40 1 6 55 49 
16:10:55 -> 发牌数据：(41 60 18 20 23 5 40 51 36 3 55 33 17 
16:10:55 -> 发牌数据：(43 42 39 8 56 4 26 79 50 21 59 58 19 
16:10:55 -> 发牌数据：(7 12 34 53 2 52 78 27 37 11 1 45 22 
16:10:55 -> 发牌数据：(29 9 54 61 6 49 28 57 35 38 24 25 44 
16:23:46 -> 发牌数据：(54 79 58 4 22 57 53 10 59 38 33 37 2 
16:23:46 -> 发牌数据：(52 29 43 19 27 61 26 13 51 5 7 28 24 
16:23:46 -> 发牌数据：(44 78 50 11 18 45 20 6 40 9 42 36 41 
16:23:46 -> 发牌数据：(8 34 56 60 49 12 17 55 23 25 3 35 39 
17:00:20 -> 发牌数据：(1 43 8 5 21 7 34 18 13 22 60 25 37 
17:00:20 -> 发牌数据：(36 33 61 29 19 41 27 10 59 17 4 2 39 
17:00:20 -> 发牌数据：(57 78 52 56 40 23 58 3 45 55 54 26 28 
17:00:20 -> 发牌数据：(12 53 20 50 49 24 42 38 9 79 35 44 6 
17:14:11 -> 发牌数据：(33 11 8 24 28 27 25 22 40 13 18 49 79 
17:14:11 -> 发牌数据：(51 78 36 6 29 21 52 41 35 61 56 19 37 
17:14:11 -> 发牌数据：(58 23 39 57 5 7 4 3 43 42 17 26 59 
17:14:11 -> 发牌数据：(60 53 34 45 38 54 10 20 1 9 50 2 12 
17:22:44 -> 发牌数据：(43 2 78 55 39 40 58 8 10 24 29 49 27 
17:22:44 -> 发牌数据：(36 23 50 11 26 25 28 45 51 17 41 54 22 
17:22:44 -> 发牌数据：(19 59 79 7 1 18 33 61 57 13 21 53 44 
17:22:44 -> 发牌数据：(20 37 42 3 56 38 6 5 12 34 4 60 52 
17:28:46 -> 发牌数据：(13 11 45 28 33 49 27 25 78 1 26 17 12 
17:28:46 -> 发牌数据：(18 34 50 40 60 29 58 24 51 8 9 41 35 
17:28:46 -> 发牌数据：(44 21 5 42 57 59 53 39 20 23 10 61 36 
17:28:46 -> 发牌数据：(79 37 56 52 54 2 43 55 3 6 7 38 22 
17:55:17 -> 发牌数据：(79 9 35 34 25 44 27 55 52 58 36 2 29 
17:55:17 -> 发牌数据：(51 33 59 50 8 39 40 11 10 54 57 21 28 
17:55:17 -> 发牌数据：(17 23 60 3 6 49 42 56 22 41 13 37 61 
17:55:17 -> 发牌数据：(20 1 43 18 45 4 53 7 24 78 5 26 12 
17:58:23 -> 发牌数据：(6 17 60 5 26 36 8 50 33 10 39 45 52 
17:58:23 -> 发牌数据：(57 4 1 59 20 51 79 18 38 61 37 2 56 
17:58:23 -> 发牌数据：(34 19 29 7 11 3 27 41 35 12 23 43 44 
17:58:23 -> 发牌数据：(78 13 55 9 24 42 21 53 40 49 58 54 28 
18:00:04 -> 发牌数据：(44 60 21 22 61 58 1 6 24 51 2 27 38 
18:00:04 -> 发牌数据：(57 36 26 8 55 35 53 11 52 43 9 41 12 
18:00:04 -> 发牌数据：(29 19 49 39 33 50 79 28 25 4 10 37 20 
18:00:04 -> 发牌数据：(23 7 18 34 40 54 42 78 13 17 56 45 59 
18:23:49 -> 发牌数据：(8 57 6 22 10 39 36 2 52 43 49 53 42 
18:23:49 -> 发牌数据：(29 38 3 55 54 24 23 79 13 34 9 12 1 
18:23:49 -> 发牌数据：(11 5 78 41 59 60 20 18 25 44 28 61 7 
18:23:49 -> 发牌数据：(21 40 26 45 19 37 4 33 51 27 50 58 35 
18:24:54 -> 发牌数据：(54 55 78 21 52 49 42 7 44 23 35 61 56 
18:24:54 -> 发牌数据：(59 18 26 79 34 39 45 50 13 11 20 36 58 
18:24:54 -> 发牌数据：(2 5 27 57 24 22 17 6 43 33 51 60 28 
18:24:54 -> 发牌数据：(38 3 40 8 25 37 4 9 53 1 41 12 10 
18:45:09 -> 发牌数据：(42 5 52 34 18 50 57 2 19 58 27 21 59 
18:45:09 -> 发牌数据：(54 40 25 9 24 44 35 13 39 61 7 10 49 
18:45:09 -> 发牌数据：(78 6 36 79 33 37 53 17 45 38 22 11 56 
18:45:09 -> 发牌数据：(4 8 51 23 28 29 12 43 60 41 26 1 55 
18:59:56 -> 发牌数据：(5 7 45 8 21 4 3 11 9 43 54 79 27 
18:59:56 -> 发牌数据：(53 33 56 42 20 23 60 61 34 78 25 18 10 
18:59:56 -> 发牌数据：(39 49 44 50 55 59 26 29 58 41 37 13 35 
18:59:56 -> 发牌数据：(12 1 38 57 28 36 6 17 22 19 2 51 40 
19:01:36 -> 发牌数据：(79 33 34 52 60 24 5 53 13 41 61 39 9 
19:01:36 -> 发牌数据：(38 51 29 7 11 49 50 20 42 23 55 44 19 
19:01:36 -> 发牌数据：(27 18 54 35 17 6 43 58 57 56 10 78 36 
19:01:36 -> 发牌数据：(59 21 25 28 1 26 3 12 2 45 22 8 4 
19:03:11 -> 发牌数据：(53 13 55 28 54 25 35 79 22 61 9 52 12 
19:03:11 -> 发牌数据：(21 7 29 1 51 36 44 10 56 26 18 33 3 
19:03:11 -> 发牌数据：(11 23 41 5 42 34 6 50 59 57 37 45 43 
19:03:11 -> 发牌数据：(8 2 4 49 38 20 19 27 58 78 24 60 39 
19:04:28 -> 发牌数据：(28 42 57 50 9 22 44 5 4 7 17 20 8 
19:04:28 -> 发牌数据：(36 52 37 18 41 55 19 24 54 29 6 39 79 
19:04:28 -> 发牌数据：(21 45 25 61 78 38 33 1 35 34 2 3 49 
19:04:28 -> 发牌数据：(53 10 12 59 56 43 27 58 11 13 60 26 23 
19:05:37 -> 发牌数据：(20 17 35 23 79 22 36 45 53 50 40 60 59 
19:05:37 -> 发牌数据：(12 6 58 42 34 3 37 55 1 52 44 21 13 
19:05:37 -> 发牌数据：(8 56 38 28 43 10 5 51 33 19 27 78 24 
19:05:37 -> 发牌数据：(9 57 49 2 39 25 26 29 18 7 61 54 41 
20:11:12 -> 发牌数据：(39 13 21 29 61 49 42 53 9 19 5 12 38 
20:11:12 -> 发牌数据：(50 40 79 28 27 8 24 4 17 44 34 23 60 
20:11:12 -> 发牌数据：(1 35 37 56 78 59 20 41 7 51 6 43 58 
20:11:12 -> 发牌数据：(52 3 45 2 36 55 26 10 54 11 22 25 57 
20:38:46 -> 发牌数据：(42 34 10 52 78 2 11 23 38 79 25 33 35 
20:38:46 -> 发牌数据：(20 19 26 22 40 18 28 4 7 53 49 43 1 
20:38:46 -> 发牌数据：(9 60 41 39 12 51 8 50 55 58 57 54 44 
20:38:46 -> 发牌数据：(21 13 61 29 36 17 6 27 3 45 59 37 5 
21:05:45 -> 发牌数据：(29 23 9 55 6 2 78 50 49 3 57 42 21 
21:05:45 -> 发牌数据：(45 17 56 20 4 22 10 60 7 51 35 38 54 
21:05:45 -> 发牌数据：(34 53 79 28 8 19 59 18 25 1 36 27 58 
21:05:45 -> 发牌数据：(24 37 39 43 41 40 44 12 52 61 11 26 33 
