09:02:20 -> 发牌数据：(7 55 2 53 56 40 6 58 8 42 51 61 35 
09:02:20 -> 发牌数据：(10 41 79 5 11 25 39 43 50 21 23 34 28 
09:02:20 -> 发牌数据：(1 3 24 12 45 54 59 38 49 37 36 19 9 
09:02:20 -> 发牌数据：(78 33 13 18 20 4 26 29 57 17 22 44 60 
09:05:39 -> 发牌数据：(36 17 79 11 21 26 61 57 53 23 43 33 54 
09:05:39 -> 发牌数据：(18 28 34 78 45 52 1 50 10 49 59 38 8 
09:05:39 -> 发牌数据：(39 5 35 44 25 56 27 42 51 41 20 58 12 
09:05:39 -> 发牌数据：(37 40 2 7 60 13 22 55 24 19 4 3 9 
09:07:35 -> 发牌数据：(55 40 79 26 21 9 29 12 5 27 36 6 41 
09:07:35 -> 发牌数据：(39 78 53 59 60 45 7 18 50 25 2 17 49 
09:07:35 -> 发牌数据：(38 35 4 57 51 54 52 19 13 58 8 37 56 
09:07:35 -> 发牌数据：(10 28 44 1 33 3 42 61 23 20 24 11 22 
09:09:41 -> 发牌数据：(17 34 11 51 10 20 39 35 37 12 41 27 57 
09:09:41 -> 发牌数据：(49 29 5 42 3 52 61 9 79 21 54 38 1 
09:09:41 -> 发牌数据：(36 7 26 18 40 2 13 24 44 22 28 78 60 
09:09:41 -> 发牌数据：(45 53 23 8 33 19 50 25 43 55 56 6 4 
09:12:55 -> 发牌数据：(8 7 53 25 4 21 39 55 33 26 40 43 79 
09:12:55 -> 发牌数据：(35 38 9 59 18 49 51 78 5 20 1 23 10 
09:12:55 -> 发牌数据：(13 19 6 52 56 27 58 50 34 41 28 44 11 
09:12:55 -> 发牌数据：(3 60 54 36 61 57 17 37 24 45 22 42 12 
09:14:10 -> 发牌数据：(23 42 3 43 40 6 17 35 27 18 2 58 49 
09:14:10 -> 发牌数据：(54 34 24 1 9 13 59 60 19 21 45 22 7 
09:14:10 -> 发牌数据：(25 10 33 20 56 52 5 28 39 78 26 11 55 
09:14:10 -> 发牌数据：(36 57 29 41 79 37 51 50 8 44 61 53 12 
09:15:15 -> 发牌数据：(4 55 12 35 8 13 23 21 34 52 19 36 40 
09:15:15 -> 发牌数据：(45 39 54 10 49 43 42 3 44 18 57 26 60 
09:15:15 -> 发牌数据：(79 28 2 17 20 33 61 78 51 56 7 25 58 
09:15:15 -> 发牌数据：(24 9 53 6 29 37 27 38 50 1 11 59 5 
09:17:47 -> 发牌数据：(45 12 41 60 59 17 61 26 49 18 20 21 19 
09:17:47 -> 发牌数据：(40 38 27 8 54 78 53 37 79 13 4 58 5 
09:17:47 -> 发牌数据：(2 29 11 23 56 43 1 22 6 28 55 33 39 
09:17:47 -> 发牌数据：(50 10 51 36 52 35 25 3 34 9 24 42 44 
09:18:31 -> 发牌数据：(43 49 57 58 37 19 23 45 59 39 38 1 52 
09:18:31 -> 发牌数据：(4 33 21 11 5 42 44 27 29 8 40 12 53 
09:18:31 -> 发牌数据：(50 78 41 20 2 60 28 26 54 35 18 61 10 
09:18:31 -> 发牌数据：(79 3 55 56 51 6 22 24 17 7 25 9 36 
09:20:51 -> 发牌数据：(27 10 51 33 53 8 17 12 18 45 4 38 54 
09:20:51 -> 发牌数据：(7 9 23 21 6 11 55 35 57 28 36 40 61 
09:20:51 -> 发牌数据：(34 56 19 78 1 3 44 13 22 52 39 26 37 
09:20:51 -> 发牌数据：(29 79 25 2 60 50 41 58 24 43 20 42 59 
09:22:39 -> 发牌数据：(59 49 54 10 79 55 13 56 27 29 78 24 17 
09:22:39 -> 发牌数据：(50 22 38 42 3 28 25 4 44 34 7 26 39 
09:22:39 -> 发牌数据：(5 53 57 11 20 18 12 61 58 45 19 6 9 
09:22:39 -> 发牌数据：(41 21 52 8 40 43 33 2 60 37 1 51 35 
09:23:40 -> 发牌数据：(61 11 24 39 56 6 10 3 23 60 7 12 35 
09:23:40 -> 发牌数据：(59 4 37 41 9 29 44 21 51 38 2 20 1 
09:23:40 -> 发牌数据：(43 50 19 58 52 25 42 49 54 45 34 57 33 
09:23:40 -> 发牌数据：(5 28 18 55 40 13 79 53 8 36 78 17 22 
09:24:42 -> 发牌数据：(1 2 38 27 57 44 24 56 50 8 22 4 26 
09:24:42 -> 发牌数据：(25 11 78 18 55 60 54 23 12 37 28 61 43 
09:24:42 -> 发牌数据：(49 36 33 21 20 17 13 40 19 51 29 39 42 
09:24:42 -> 发牌数据：(52 10 53 5 6 7 79 45 35 9 34 3 59 
09:25:41 -> 发牌数据：(29 24 57 4 13 60 21 40 1 6 43 52 79 
09:25:41 -> 发牌数据：(26 8 23 49 42 44 20 25 5 61 10 36 19 
09:25:41 -> 发牌数据：(39 56 22 2 55 17 54 58 7 3 41 38 37 
09:25:41 -> 发牌数据：(28 12 27 50 11 35 78 33 9 53 34 51 18 
11:42:43 -> 发牌数据：(53 44 27 59 38 6 40 42 7 24 20 57 78 
11:42:43 -> 发牌数据：(13 23 26 11 79 8 61 37 36 39 41 28 3 
11:42:43 -> 发牌数据：(2 19 54 29 18 45 22 35 1 49 17 9 58 
11:42:43 -> 发牌数据：(55 50 4 5 43 56 60 25 34 51 10 12 21 
11:45:10 -> 发牌数据：(24 35 6 11 17 2 59 13 39 21 60 23 55 
11:45:10 -> 发牌数据：(8 20 61 79 40 28 36 42 38 52 26 22 56 
11:45:10 -> 发牌数据：(58 41 7 37 34 78 49 27 18 25 12 9 44 
11:45:10 -> 发牌数据：(29 51 1 3 33 19 57 5 10 43 53 4 54 
11:53:57 -> 发牌数据：(27 56 59 36 61 45 12 55 28 44 7 2 53 
11:53:57 -> 发牌数据：(34 17 3 13 58 11 37 20 41 5 9 42 22 
11:53:57 -> 发牌数据：(39 23 60 8 18 10 57 19 6 33 4 21 78 
11:53:57 -> 发牌数据：(24 29 25 79 1 49 38 40 26 54 52 51 35 
14:16:39 -> 发牌数据：(18 49 6 17 40 51 57 38 33 39 58 22 52 
14:16:39 -> 发牌数据：(36 5 12 9 61 4 19 28 24 29 45 79 41 
14:16:39 -> 发牌数据：(59 26 37 34 2 20 50 43 23 25 35 42 56 
14:16:39 -> 发牌数据：(44 53 13 27 78 7 11 8 54 10 60 1 55 
14:53:56 -> 发牌数据：(11 40 9 10 8 19 43 49 2 41 56 24 20 
14:53:56 -> 发牌数据：(36 7 5 3 42 17 44 29 61 59 79 35 25 
14:53:56 -> 发牌数据：(38 78 18 58 4 22 55 6 57 26 1 52 50 
14:53:56 -> 发牌数据：(33 13 37 53 27 45 39 51 28 12 60 21 34 
14:58:59 -> 发牌数据：(42 4 5 24 2 21 25 51 40 27 61 57 54 
14:58:59 -> 发牌数据：(36 28 37 1 17 33 59 49 19 22 39 11 29 
14:58:59 -> 发牌数据：(13 9 41 43 78 26 53 45 34 56 38 58 55 
14:58:59 -> 发牌数据：(20 44 10 12 52 6 35 7 60 8 23 18 79 
15:02:08 -> 发牌数据：(50 20 43 3 37 38 49 40 12 18 8 36 51 
15:02:08 -> 发牌数据：(25 21 55 61 6 28 23 58 41 10 59 33 57 
15:02:08 -> 发牌数据：(53 42 4 7 9 27 54 13 44 2 56 19 39 
15:02:08 -> 发牌数据：(52 45 60 34 26 5 17 24 29 78 79 35 11 
15:23:21 -> 发牌数据：(38 79 59 49 24 6 50 51 53 7 54 11 36 
15:23:21 -> 发牌数据：(9 58 26 60 21 78 42 56 35 10 45 1 4 
15:23:21 -> 发牌数据：(55 34 22 44 17 23 3 19 29 25 20 8 27 
15:23:21 -> 发牌数据：(61 18 13 5 41 52 43 12 33 28 40 39 57 
15:44:19 -> 发牌数据：(17 41 18 58 60 33 36 38 28 45 44 26 9 
15:44:19 -> 发牌数据：(35 55 2 22 61 57 49 20 56 13 27 50 29 
15:44:19 -> 发牌数据：(10 53 11 43 54 34 8 5 4 21 19 23 6 
15:44:19 -> 发牌数据：(42 37 24 40 78 52 79 25 3 59 51 1 7 
15:48:56 -> 发牌数据：(34 36 37 78 28 12 45 54 19 24 50 33 27 
15:48:56 -> 发牌数据：(60 11 57 35 22 53 44 42 25 41 38 5 3 
15:48:56 -> 发牌数据：(26 20 79 8 49 7 4 9 39 43 59 17 21 
15:48:56 -> 发牌数据：(52 18 2 61 6 23 29 58 56 10 55 1 40 
15:50:10 -> 发牌数据：(28 19 37 40 45 13 24 7 27 78 36 12 5 
15:50:10 -> 发牌数据：(35 54 57 41 39 60 8 22 11 2 21 50 52 
15:50:10 -> 发牌数据：(34 43 42 33 56 18 1 59 4 51 61 53 55 
15:50:10 -> 发牌数据：(26 29 6 44 49 58 9 38 79 23 3 20 10 
18:15:20 -> 发牌数据：(3 8 5 41 55 10 2 45 61 43 25 19 54 
18:15:20 -> 发牌数据：(12 17 35 27 21 51 39 60 59 11 1 4 34 
18:15:20 -> 发牌数据：(23 44 29 33 37 22 38 58 24 42 53 7 20 
18:15:20 -> 发牌数据：(36 18 57 52 40 13 49 26 56 6 9 50 28 
18:20:52 -> 发牌数据：(27 1 6 9 22 38 20 43 49 40 5 8 21 
18:20:52 -> 发牌数据：(7 12 52 26 42 79 18 60 54 45 78 35 33 
18:20:52 -> 发牌数据：(61 55 11 57 41 2 13 34 59 58 50 53 10 
18:20:52 -> 发牌数据：(44 3 39 56 19 51 4 28 17 36 29 25 23 
